-8800	6197	-13820
1495	-13390	4231
-325	-16744	5071
-2377	-18550	6001
-3997	-17891	6753
-4897	-16617	8832
-8500	-11953	10115
-10043	-7965	9186
-10987	-7155	9142
-11402	-3596	8744
-11402	-3596	8744
-9971	-486	7682
-7730	393	7726
-3079	-1421	6576
3378	-8710	4275
3640	-11990	-635
650	-16450	-3998
-6990	-17357	-4617
-18318	-16984	1886
-19880	-7881	2726
-18774	1285	1311
-11538	12935	1089
-4971	8151	3700
1348	-1605	4452
1348	-1605	4452
4661	-11054	470
-4303	-18205	-4352
-14922	-18250	-901
-20023	-4102	-1078
-13273	13530	-1387
-4587	17523	-2670
-587	18716	-7803
-9439	12212	-10989
-2070	-19167	-724
-2415	-15846	6399
7681	-1294	-3246
7313	2645	-8555
-906	16191	-11210
-906	16191	-11210
-11029	16196	-3467
-18631	2364	2240
-16938	-9186	-5148
-11552	-14026	-6387
-4610	-20106	-1564
790	-15271	2726
708	-2681	6045
-5768	4173	6532
-13012	3153	6487
-19850	-3042	4054
-18363	-8489	-1918
-15397	855	-8953
-8895	14981	-12847
-8895	14981	-12847
-3787	19565	-8157
-1625	13909	-724
-4193	1222	6178
-2919	-10377	7992
1196	-5036	5824
4310	-935	1620
6428	-2659	-3821
-1340	-19885	3125
-8210	-18526	9540
-13606	-9872	9717
-17606	-3204	5647
-16604	9235	-3909
-8846	17358	-11608
-8846	17358	-11608
-26	15459	-14395
4897	-3752	-3600
-506	-10892	6974
-5818	4284	6133
-13455	13582	-2670
-14808	2137	-10104
-14261	-4566	-8688
-19217	-4417	-3909
-20958	-4051	426
-17754	-1817	4541
-7667	10026	2948
7090	2576	-8644
7090	2576	-8644
3525	-6092	-7670
-2470	-20603	-1210
-6223	-10542	-9130
-7397	8308	-13820
-10383	17878	-8334
-14483	10749	1443
-14414	-13727	8478
-9362	-22803	5602
-4017	-21056	3877
-4382	-19035	8080
-7925	-12305	10115
-12919	-6379	8965
-18293	-8855	7239
-18293	-8855	7239
-16162	-15037	-1741
-7109	-17247	-4927
-878	-17824	4231
-2422	-17993	6443
-8152	-23298	5779
-12871	-22317	3434
-14235	-21025	4187
-14956	-16109	7682
-13895	-13446	8567
-10608	-12639	8700
-3370	-15891	7151
-265	-18437	-2759
6934	-1239	-7493
6934	-1239	-7493
-865	-6343	6222
2159	-9105	-8732
4373	9299	-11564
-1988	18029	-9130
-7913	17243	-8157
-16990	2254	-8245
-15138	-11533	-5989
-5733	-15292	-6476
6557	-4644	-5369
7159	6622	-5900
3563	14229	-9130
-2968	16066	-12360
-11129	14146	-10856
-11129	14146	-10856
-14390	9417	-9794
-15145	1924	-9927
-11802	-6733	-9838
-4317	-17216	-4617
1644	-16143	-3246
5473	-8441	-5635
6228	3974	-10635
2690	9208	-12670
-1750	10602	-14307
-6065	9018	-14263
-12252	4977	-12050
-13752	5062	-10413
-11999	9477	-11697
-11999	9477	-11697
-4468	3745	-14705
-6453	-13759	-8024
-6959	-22810	3434
-5537	-18542	8080
-11948	-18353	9761
-15803	-12639	8700
-14482	-5344	7859
-12078	3551	5647
-6718	16277	-1564
-2485	15776	-14440
-10681	-15789	-6122
-4635	-8837	8611
1820	6728	2151
1820	6728	2151
2923	9717	-414
-7785	914	8213
-14566	-13032	9186
-16426	-18346	3833
-12917	-18238	-1786
-7459	-22348	3125
-7817	-23193	3125
-10644	-22780	3833
-12309	-21799	4187
-12999	-21418	4673
-14294	-19376	4585
-12584	-21798	6797
-11312	-19983	7947
-11312	-19983	7947
-3991	-17429	6355
3282	-12520	2284
7933	-2359	-5237
5924	740	-5502
6908	3155	-9882
4059	10153	-4175
-9043	1590	7638
-16367	-6779	7284
-18985	-2519	1665
-18351	4793	-591
-12667	-933	6930
-5294	-9717	8655
2258	-13212	4098
2258	-13212	4098
-2700	-20489	-1874
-14182	-20663	691
-19170	-9591	1620
-18149	2523	824
-11335	13019	28
-6788	16560	-1653
-2901	18890	-4971
963	17772	-8290
2107	16787	-8290
1744	16661	-9440
-391	16434	-10900
-9044	10188	-12227
-14623	-9290	-7980
-14623	-9290	-7980
-9768	-22466	4054
-9420	-15173	8788
-2053	-3227	7416
-4678	-5422	8478
-10164	-12760	9894
-15685	-19540	6355
-17330	-18297	2726
-16863	-17392	824
-16482	-18571	2196
-13459	-19365	6399
-10867	-18231	8478
-7414	-16265	8832
-7414	-16265	8832
-7080	-15862	10337
-8137	-12339	9983
-10932	-9204	9761
-14608	-12396	9009
-15764	-18064	1045
-10065	-14871	-6387
-5087	-19038	-2538
-3361	-20920	-1166
-7526	-21420	-635
-10743	-21242	-768
-13935	-19814	337
-15206	-18703	4187
-13028	-20165	5735
-13028	-20165	5735
-10443	-19540	6355
-2542	-18465	4850
1772	-16100	1576
5227	-11755	-2405
5594	-8937	-5369
-1172	-16425	-5945
-8573	-18307	-4573
-14722	-16503	-2626
-18750	-10111	-1653
-19450	-1061	470
-16424	4104	3744
-10689	7124	4187
-2638	1300	5558
-2638	1300	5558
1272	-7076	5735
531	-15715	4408
-4012	-21775	5027
-13624	-20634	6576
-18011	-12638	5912
-18980	-3427	3833
-13549	9446	1488
-5429	14914	470
2716	11423	-1653
4997	897	-1343
1693	-6685	5425
-511	3839	5204
-2819	15367	-1918
-2819	15367	-1918
-10554	15478	-10502
-12567	10527	-11254
-12409	6910	-11829
-11148	6045	-12935
-9659	-5727	-11431
-9889	-17416	-5502
-9472	-22428	3833
-724	-1555	6045
4419	10497	-11652
2815	-7570	-7670
-1695	-20124	2549
-4456	-20112	7063
-9600	-23268	3479
-9600	-23268	3479
-8251	-10514	-8555
-7376	13827	-13422
-14897	7844	2948
-19118	-11223	5381
-15867	-17172	116
-9756	-20633	-1609
-7163	-22594	3080
-3735	-16284	7638
-2846	-4363	8213
-12966	-1301	8169
-18452	-12841	5293
-14764	-10733	-5237
-4759	-1380	-12891
-4759	-1380	-12891
-2281	3067	-13953
-3900	10071	-14086
1306	15915	-11564
299	11096	-901
1389	554	3434
4309	-4958	2505
5405	-10199	-3024
-1469	-17817	-4396
-11741	-23352	1842
-17730	-14295	6222
-17455	4857	-60
-15096	10684	-7095
-11763	5827	-12404
-11763	5827	-12404
-2600	-8591	-10325
4760	-9540	-4971
6078	-799	-724
4892	9505	-3024
-1846	17889	-9130
-7039	18416	-9086
-10928	16331	-8422
-14181	12135	-7759
-14823	7928	-8909
-14942	6707	-9750
-14177	4460	-10104
-9625	10904	-13201
-588	16263	-13997
-588	16263	-13997
4190	4163	-11652
5767	1966	-10502
4424	5433	-11918
2857	2769	-12714
503	5250	-14042
-3697	7470	-14351
-5999	7186	-14086
-6864	8592	-13997
-5899	10176	-14042
-56	18207	-11962
101	14751	-3246
-1061	3883	4452
-3727	-8549	8080
-3727	-8549	8080
-5901	-12544	9540
-9595	-16243	9850
-12493	-14201	9761
-15187	-12074	8611
-16116	-17566	6089
-13620	-18845	-1122
-9239	-12170	-8422
-2250	-4768	-12095
-1451	-4523	-11962
-1541	-4353	-11564
3468	9105	-12891
4281	11744	-7449
2326	8203	-281
2326	8203	-281
3704	-1014	2328
6339	-1914	-1520
6789	-3042	-6830
-1170	-10339	-8511
-16448	-18567	1842
-18955	-8740	3877
-19528	1208	-856
-17412	4334	-5856
-12689	-6666	-9573
-7039	-15435	-6299
665	-17022	-3290
4764	-2594	2019
137	9841	912
137	9841	912
-4151	15823	-1786
-10564	14730	-1653
-14926	12713	-3511
-17284	8362	-4396
-18601	5750	-3777
-13816	13889	-4617
-6504	19170	-7582
1265	18124	-10989
5218	6270	-11298
3269	-3449	-10679
-447	-7101	-11298
-4102	-4309	-12227
-7050	3488	-13865
-7050	3488	-13865
-7245	14808	-13068
-5936	19932	-9307
-4158	14652	-1033
-5965	-3942	8301
-4699	-12745	8744
-5008	-16966	8655
-6784	-20342	8478
-11316	-22674	6487
-13903	-20882	6709
-16359	-17401	6930
-17005	-13106	6753
-16243	-15329	7239
-11824	-21280	4850
-11824	-21280	4850
-6081	-22118	1620
-6121	-21335	6399
-4395	-20517	5735
-1799	-19256	3479
-3986	-21728	4098
-6928	-22624	5381
-10805	-21942	7063
-11256	-19104	7992
-11112	-15002	9186
-8467	-11200	9009
-4961	-9999	8655
998	-12095	4806
2482	-15141	912
2482	-15141	912
-507	-18382	-1520
-5925	-21655	-1476
-15332	-19605	514
-18025	-15040	1222
-19111	-7760	1532
-19174	-2718	3479
-14779	-437	6664
-11778	-4017	8655
-7828	-6306	8788
-1471	-11138	6930
-368	-16297	5912
-3791	-21146	5381
-8921	-21908	7107
-8921	-21908	7107
-15619	-13832	8434
-16506	-3632	6089
-14396	6753	2992
-5899	15634	-768
2265	12947	-2493
4885	4208	-1609
3720	-2106	2373
1893	11901	-591
-1169	17748	-9130
-8438	13463	-12449
-13021	5849	-11387
-10875	1177	-12050
-6778	-3771	-12980
-6778	-3771	-12980
-141	-2255	-13201
6154	-230	-6564
6136	-2699	-724
4830	-4245	1797
6433	-4575	116
6765	349	-5192
7084	4144	-7449
6221	6991	-9927
3548	10992	-11829
1681	11220	-13157
233	10958	-14661
-2087	6727	-14042
-2838	7932	-14661
-2838	7932	-14661
-1937	12576	-14572
-2758	15966	-12847
-3183	19763	-9882
-1826	19196	-6830
-990	15766	-2847
2148	11661	-1078
6037	9528	-4794
4684	12937	-9882
428	13508	-13201
-4685	15867	-13334
-6364	19889	-8732
-8996	15599	-812
-12345	2236	6664
-12345	2236	6664
-11642	-19672	8346
-8059	-22682	4408
-5470	-22246	3346
-8154	-20015	7726
-9924	-11562	9806
-14637	-6301	8434
-18049	-13310	6222
-10843	-13603	-6476
-4288	-14508	-7183
-4831	-17450	-5546
-8933	-19593	-3157
-11377	-20864	-104
-11561	-20898	-148
-11561	-20898	-148
-10295	-20687	-148
-8463	-22621	2417
-3167	-20890	1930
367	-18666	-1343
-209	-17258	-4131
-6748	-19057	-3732
-12228	-21776	-281
-17125	-18442	3080
-18367	-6783	4850
-16170	-812	5735
-11433	862	6797
-8569	-3279	8700
-6446	-12572	8965
-6446	-12572	8965
-4600	-17027	7947
-4785	-19439	6664
-8131	-21912	7461
-11609	-19572	8832
-14645	-12006	8788
-14688	-3222	7063
-12326	6419	4275
-6925	9375	4275
-10	7078	2328
3175	888	2063
2711	1755	3080
2209	12579	-1255
-1055	18057	-8555
-1055	18057	-8555
-8814	10719	-12537
-10349	5762	-12847
-10207	2598	-13112
-8063	628	-13112
-1988	-4199	-12537
1704	-4815	-11166
3759	-5860	-9263
1057	-17354	-2095
-4943	-18718	5337
5265	-2520	1753
6378	7614	-3732
5178	-2164	-9396
3262	-3620	-11077
3262	-3620	-11077
1480	4366	-13732
-3149	17218	-11697
-7778	18946	-6520
-12325	12451	470
-16373	914	5514
-17366	-14973	6886
-13316	-19679	6178
-7832	-20733	6089
-3313	-18664	6664
-5814	-13037	9540
-9845	-8746	9717
-14160	-7007	8611
-18515	-9538	5647
-18515	-9538	5647
-19160	-12083	3833
-16881	-16387	2019
-14998	-19557	2196
-9575	-22206	5735
-7405	-19376	7284
-6548	-19804	7726
-7378	-21589	6974
-8062	-21100	7239
-9912	-21885	5337
-7546	-21471	6045
757	-15505	4496
1364	-17377	2373
-1058	-20700	824
-1058	-20700	824
-8541	-18743	-3511
-11185	-8539	-8909
-14604	2103	-10148
-17239	3657	-7891
-9398	5139	-13643
-859	10927	-14971
4700	6517	-11343
6900	-285	-2317
6266	10006	-6343
477	15703	-11564
-5860	16240	-12227
-9920	13424	-12139
-10610	8578	-12935
-10610	8578	-12935
-12492	4126	-11520
-14816	2769	-10015
-16790	5896	-6918
-13582	14294	-5989
-5427	20285	-6697
6162	3324	-6697
2225	-8433	-8953
539	-15753	-3467
-629	-13489	6443
2400	3792	3346
-3298	10026	2948
-11885	1843	7151
-18431	-13043	1886
-18431	-13043	1886
-10348	-12991	-7493
-2328	-16940	-4175
-1943	-20871	3125
1528	-13246	-6830
-1349	-7635	-10812
-4030	-8017	-11210
-5273	-8905	-10546
-4739	-5756	-11918
-6884	2143	-13245
-7984	18825	-10812
-11526	4742	6089
-19213	-4288	5160
-19258	-12129	1974
-19258	-12129	1974
-18357	-13050	-281
-19881	-10739	3302
-13000	-13791	8036
-7560	-9124	9054
1474	-9030	4496
-786	-17240	5337
-7590	-22269	7815
-15657	-18149	7593
-18679	-257	3656
-13615	10759	647
-3611	19562	-5192
5181	6825	-10679
5887	-2538	-5015
5887	-2538	-5015
6328	-439	-1343
5158	9820	-2892
-1781	18325	-10192
-6721	17376	-10325
-9285	16641	-10635
-12328	12519	-10236
-11360	10537	-12050
-7784	10701	-13820
-3784	9482	-14838
1582	-2516	-12095
3597	-8108	-6918
4665	-9913	-679
5678	-9848	-237
5678	-9848	-237
6886	-4042	-5679
6396	1061	-8511
5830	7496	-10900
3482	14146	-10856
2883	16213	-10192
3151	15434	-9750
3869	14468	-8555
4159	12451	-5015
2904	12787	-3777
1017	13761	-2892
-642	16299	-3246
-1090	16090	-3423
401	17457	-5723
401	17457	-5723
2619	15858	-9927
-5987	-14682	-7405
-10036	-20537	4541
-2386	-3756	7549
5398	12499	-5945
4312	13254	-9927
1787	15726	-7847
-4641	12973	868
-14602	-9265	9054
-15277	-19082	6310
-11065	-21698	1797
-5839	-20872	-2184
-5839	-20872	-2184
-9782	-23500	2373
-7321	-22181	3788
-6029	-21758	3700
-4349	-21507	3390
-4284	-22072	3479
-3945	-21260	3346
-1406	-19738	2594
440	-17802	2549
3705	-12507	1311
5909	-7262	-1609
5474	-6741	-6520
-1333	-12003	-7759
-8819	-14826	-7139
-8819	-14826	-7139
-14370	-10790	-6299
-19457	-3757	-3246
-20612	-2888	293
-17306	-270	4629
-4905	10807	2417
2192	8128	72
4535	2070	514
2581	-10845	3346
-3545	-22847	3567
-9404	-23819	2594
-15409	-20155	2240
-19824	-6821	2373
-17290	4945	1311
-17290	4945	1311
-11546	16049	-2936
-2191	20276	-8688
5274	4110	-10281
6136	-4878	-3600
4944	-440	1443
-936	13701	-989
-4332	17291	-3777
-9848	16286	-4971
-13273	14627	-7272
-13030	9779	-10590
-10719	4984	-12581
-7620	2075	-13422
-1800	-985	-13466
-1800	-985	-13466
3996	-5804	-8201
3930	-11706	-812
5081	-9057	1134
6199	-5829	-856
6878	-3025	-2670
7277	-1525	-4440
7713	751	-6299
7443	4255	-7936
6674	8095	-8245
4695	13665	-9042
1063	17575	-9352
-304	18491	-9440
-756	17914	-11077
-756	17914	-11077
341	14000	-13201
-1036	1411	-13820
-9629	-15571	-6653
-16004	-18366	5337
-3117	9746	2771
2812	13707	-4131
5162	13096	-8599
5106	13264	-7936
-1275	11252	647
-8798	566	7947
-13889	-11661	9319
-13397	-20927	4762
-10114	-14879	-5768
-10114	-14879	-5768
-8656	-3540	-11785
-11937	-879	-10812
-14956	1177	-9352
-18140	3358	-6564
-20773	-1450	691
-18359	-6541	5248
-19587	-6772	4054
-16498	-9563	7593
-13480	-654	7107
-4045	14253	-104
1638	16261	-5723
4151	11218	-4883
4176	1974	-237
4176	1974	-237
-3235	-16565	7549
-10163	-22442	7593
-16945	-17415	5293
-19391	-3671	3700
-14465	6295	3036
-3733	16073	-2095
4348	14816	-8290
6554	897	-4042
5785	4137	-1520
4453	11238	-3688
-2398	18366	-7980
-6917	17817	-9042
-10079	15797	-10635
-10079	15797	-10635
-8252	15606	-12227
2157	15316	-11520
6075	5337	-7183
6145	-4756	-2184
6079	-4397	-16
5675	-4014	293
6108	-4674	-370
6614	-5719	-1166
6399	-6743	-3644
5943	-5492	-5104
6066	-5280	-5192
6275	-6198	-4927
5861	-7435	-1830
5861	-7435	-1830
5781	-6890	-414
7356	-709	-2228
3753	13237	-5900
630	17943	-7891
-2195	18404	-10900
-5236	15550	-13289
-6644	8174	-14351
-8641	2350	-12980
-13712	-8688	-8290
-16007	-19191	3833
-12299	-15420	8832
-4858	-9087	8921
772	-5749	6532
772	-5749	6532
1325	118	4496
-4268	-2036	7859
-10181	-5574	9363
-15176	-7213	8169
-18286	-7392	5691
-17685	-11138	6930
-14543	-15275	8478
-8267	-19270	7239
-5372	-20461	6797
-5994	-19708	8478
-8641	-16741	10292
-13456	-12510	9673
-16332	-15269	8036
-16332	-15269	8036
-17756	-15554	5602
-19388	-10679	4098
-19110	-7305	4452
-18243	-5462	6089
-14255	-1749	7416
-2281	3594	5071
2919	-2083	3302
-321	-14856	6045
-10989	-23999	5602
-15177	-15852	-1255
-15127	-3695	-8024
-14970	5370	-9750
-11767	9976	-12227
-11767	9976	-12227
-5378	12857	-14572
-418	7580	-14661
2428	-6665	-9661
5115	-7482	-6299
6539	-709	-7626
6395	5832	-10148
128	11409	-14174
-5701	10663	-13599
-10647	8606	-12360
-14670	6957	-10059
-11903	-1929	-11254
-8047	-6927	-11166
-2430	-10253	-9750
-2430	-10253	-9750
2536	-13125	-5325
4043	-11835	-4396
3150	-13450	-4662
-2353	-20437	-458
-7439	-17634	8611
-6369	-4370	8744
-2224	9150	2638
1202	15150	-4175
4772	12380	-7626
5543	8234	-10856
4865	102	-10546
1914	-9064	-9130
-1608	-7598	-10944
-1608	-7598	-10944
-2464	-4234	-12581
-7424	-4956	-11166
-7572	-9758	-9927
-9484	-16917	-5945
-11985	-15980	-4927
-11478	-18255	-3157
-10912	-18045	-3069
-9430	-18171	-4219
-7718	-18230	-5104
-7594	-20232	-2715
-7252	-23084	116
-7199	-22542	1797
-7028	-23803	4054
-7028	-23803	4054
-7833	-23283	4629
-7678	-23326	5204
-9647	-22294	7063
-11914	-19922	8655
-13373	-19708	8478
-14816	-20279	6310
-15603	-19447	1886
-15385	-16548	-1874
-15220	-12113	-4662
-17542	-4716	-5281
-17665	7760	-1387
-12910	5711	4629
-3833	-3791	7505
-3833	-3791	7505
2238	-15866	2505
2252	-14749	-4883
-2545	-10113	-9661
-10850	-10624	-8245
-19718	-6940	-2007
-19775	-822	1045
-16031	3039	4452
-10561	-4687	8788
-5331	-12461	8567
-1314	-17250	6133
1805	-18204	1045
1703	-13004	-6520
-1044	-12773	-8024
-1044	-12773	-8024
-7522	-15113	-6697
-14775	-18060	-1918
-19089	-5966	4275
-15412	7729	1001
-11330	15901	-5104
-5221	20826	-10413
-1090	17203	-10546
1930	15035	-11608
3982	8347	-11431
3617	-4846	-8776
2164	-12343	-5945
1470	-14158	-4396
4861	-8218	-6520
4861	-8218	-6520
6157	99	-7582
5733	792	-1387
1619	-13107	4142
-2387	-21071	-370
-7016	-18159	-5192
-10601	-14303	-6741
-16617	-5440	-6387
-17205	614	-6653
-16577	8322	-6785
-13644	15802	-5591
-10137	4173	6532
-9017	-6802	9054
-2831	-12484	7638
-2831	-12484	7638
4922	-6841	1178
5527	559	293
1110	6305	2240
-6112	5663	5647
-16022	131	6222
-19389	-4231	3434
-19471	-7556	-635
-16275	-6354	-6476
-5536	604	-13953
332	2715	-13953
3388	-409	-11741
3052	-10647	-6476
1115	-12931	-6697
1115	-12931	-6697
625	-5551	-11387
1602	10096	-13334
-3520	17288	-3511
-9339	11482	1930
-13134	6453	4408
-15951	5344	3080
-16021	7808	293
-15289	12407	-4263
-12955	13918	-6830
-6005	19993	-8599
-718	16836	-3909
567	6521	1886
1447	-11359	5027
1447	-11359	5027
-956	-19066	5071
-4658	-23179	4762
-10800	-23226	5691
-15947	-11922	7726
-16015	-36	5558
-12448	10719	1045
-8982	13326	780
-6532	-5033	8346
-3115	-19673	5735
541	-17840	-2626
2925	-3479	-11077
-1899	-1418	-12670
-10348	-12810	-7891
-17721	-17964	1532
-19366	-8639	4187
-19908	-3708	3833
-18523	-1457	3921
-15343	1407	5514
-11286	5782	4541
-7954	11583	2240
-3667	18564	-4219
-1426	7678	-14086
-4701	-12728	-8776
-1850	-19419	-237
5559	-8573	-856
7448	355	-2936
7448	355	-2936
4467	4115	160
-5425	4495	6133
-15606	-6688	8390
-19028	-7725	4275
-19622	-4122	514
-19552	-3797	-2847
-19443	-9588	-1343
-18468	-16165	3833
-14226	-16220	8080
-6258	-11169	9319
-608	-7970	6841
1880	-4879	4585
1112	-4749	5381
1112	-4749	5381
-8253	-11569	10337
-15037	-16689	9009
-17560	-16987	4850
-18510	-12047	-1609
-17115	-11672	-3378
-14784	-14514	-4042
-12442	-18258	-2980
-7216	-22678	1443
-4714	-21382	4541
-4191	-18183	7549
-9095	-14382	10160
-13902	-10956	9231
-16493	-13997	7593
-16493	-13997	7593
-16333	-15392	1222
-8531	-1849	-11962
-6336	9468	-13688
-10452	16901	-8953
-11787	-771	7947
-7856	-19680	8965
-3854	-21761	1266
3389	-12772	-5414
6923	755	-6653
6751	4495	-7449
4707	4200	-11785
-10103	-10047	-9307
-10103	-10047	-9307
-15704	-14727	-3865
-18150	-12755	-1343
-18891	-9846	-414
-19308	-12892	1089
-16972	-16971	912
-13149	-20195	-148
-12078	-22046	1532
-3341	-20567	4142
-2699	-21034	2196
-1459	-20160	-104
-6963	-22051	-812
-10623	-23717	5514
-12978	-15704	9009
-12978	-15704	9009
-13431	-6480	8655
-13918	4408	4673
-11962	10427	1842
-9831	15004	-1033
-4947	18538	-4971
-1600	19398	-6122
4638	13108	-6785
6214	7488	-7582
6575	4010	-7980
6526	1371	-5325
6226	-2688	-1520
4736	-4096	1178
4736	-4096	1178
5459	156	1576
4599	7788	-901
3175	14591	-9927
-2042	14246	-13157
-4659	12954	-13909
-8317	11810	-12493
-11382	10466	-11962
-13082	7427	-10989
-16643	1622	-8334
-17757	8122	-4883
-742	21105	-10236
-14158	3871	-10856
-15632	-17870	-325
-15632	-17870	-325
-6469	-9164	9363
-2012	-1949	6532
185	-669	5558
-1547	-6784	7638
-3040	-4536	7992
-6104	-449	7549
-10923	-4413	9319
-14766	-7960	8832
-11083	-12792	9673
-12722	-19250	8434
-17897	-15989	6576
-19074	-11261	5602
-19414	-7931	3833
-19414	-7931	3833
-20131	-5256	1134
-17513	6381	-3600
-14071	11183	558
-11083	-1794	8169
-11409	-21833	6753
-12128	-22936	2284
-12938	-21886	2726
-12603	-17384	8301
-3932	10412	2992
2266	11498	-2007
4831	3573	-1432
3449	-7977	1974
2161	-15460	-4352
2161	-15460	-4352
2956	-2804	-11564
1287	11466	-13112
-6525	15597	-11520
-14217	9873	-9661
-20174	-706	-2405
-18619	-1560	3700
-8740	4500	5779
-3315	2425	5647
1328	-5204	5248
1790	-16759	824
-3173	-20729	-2361
-11120	-19852	-2140
-16976	-17647	1488
-16976	-17647	1488
-17923	205	3169
-14712	8068	1974
-16005	7582	1443
-19554	1664	1974
-20396	-4336	691
-20024	-7652	-1387
-17464	-11646	-2715
-6815	-18461	-3600
-3528	-20575	-635
594	-17388	3169
-3012	-7852	8611
-8487	-3006	9408
-14450	-3622	8080
-14450	-3622	8080
-18129	-4506	5691
-19375	-10565	3434
-17539	-15994	4231
-13392	-21308	6974
-8518	-20330	7593
-1933	-16341	6576
-1928	-15083	7284
-5865	-16303	9054
-12082	-21324	8213
-16026	-19776	5514
-17506	-16452	1576
-17785	-13542	-281
-17909	-11014	-2626
-17909	-11014	-2626
-17380	-11744	-3290
-16299	-13495	-3909
-11952	-15235	-5414
-9539	-13947	-7095
-7443	-12170	-8422
-5097	-6781	-11520
2468	14592	-10015
-2347	773	5514
-4006	-18141	6974
1924	-16787	249
3592	-11432	2505
5356	-1636	1443
5674	10702	-8511
5674	10702	-8511
-14265	-8092	-8157
-19599	-3870	28
-17904	5286	-591
-14000	11975	-8953
-7767	19078	-11298
-3012	13272	-458
-2461	-10195	7505
5429	-11679	-2847
1233	-9954	-8378
-9589	-18459	-3777
-17639	-14834	1665
-19322	1117	735
-16017	8011	912
-16017	8011	912
-11768	13049	426
-6593	18277	-3777
-6430	19375	-7051
-9239	16320	-10236
-11419	6668	-12139
-9399	-15504	-6387
-9907	-23004	4806
-3717	-16243	7151
4181	-3594	3169
3546	2193	1842
-468	4730	4275
-8796	-174	8080
-17054	-8477	7992
-17054	-8477	7992
-19602	-11145	4762
-19159	-14043	3036
-16095	-15716	7195
-11085	-15704	9009
-6124	-14928	8832
-3485	-13264	8080
-5792	-12965	9452
-9777	-11673	10204
-14960	-12786	9231
-18007	-14803	4673
-11776	-10946	-7847
-3513	-5649	-11962
-800	-14868	-6564
-800	-14868	-6564
-4470	-12307	-8688
-7291	-11242	-9396
-9441	-10719	-9086
-10107	-8393	-9352
-12772	-1371	-10812
-14801	2489	-10104
-15747	4023	-9042
-17066	5332	-6830
-18436	4807	-4352
-20133	128	1001
-16690	-3320	6487
-2630	-7306	7239
1969	-9419	4629
1969	-9419	4629
3668	-13448	558
-2227	-19422	-2759
-9473	-20701	-1786
-16120	-17665	116
-19753	-9591	1620
-16469	9237	-1387
-10570	16103	-4396
-2939	20818	-9794
2696	12166	-12847
5166	-5027	-5679
5293	-4370	647
3144	8370	381
-6571	18302	-5723
-6571	18302	-5723
-10621	15767	-8334
-10375	7345	-12803
-8401	9082	-13820
-7622	11710	-12980
-5639	16003	-12980
-5130	18506	-10590
-3525	19015	-6431
-1698	16870	-3865
1168	12696	-2184
3562	8747	-1564
5909	1916	-1210
6153	-2374	-1387
6958	-3689	-3069
6958	-3689	-3069
7145	-229	-6653
6873	3323	-9307
4788	7251	-11033
451	11784	-13245
-8671	14759	-11962
-10966	16659	-9263
-9076	19060	-7183
-2571	16933	-3246
1427	8328	868
2901	-1132	3257
4922	-4172	1620
260	-205	5071
-8137	-7978	10160
-8137	-7978	10160
-14566	-15701	8744
-18400	-15542	4629
-19957	-12414	2240
-19175	-14133	4541
-15857	-15297	7461
-7734	-17664	8213
-3136	-17990	6178
303	-13799	5956
-3506	-9723	9098
-13536	-5848	8744
-10728	-2531	8036
-5925	-2672	8036
-297	-3843	6089
-297	-3843	6089
1987	-7874	4894
2377	-13660	3346
1635	-17881	558
-2308	-20932	-281
-4444	-20932	-281
-4312	-22109	912
-5835	-22758	4850
-9639	-22753	7195
-12634	-21176	7682
-15617	-17060	7726
-17794	-10417	5602
-18513	-6783	4850
-18142	-3439	4806
-18142	-3439	4806
-16958	-4871	6664
-14463	-6759	8478
-10101	-7930	9231
-4750	-8871	8478
-244	-13803	6222
-2881	-20268	5514
-6978	-23041	4939
-13099	-23898	5912
-18355	-14360	5779
-17649	-3268	5204
-14833	5760	3523
-6569	11331	2726
-807	6612	2992
-807	6612	2992
3161	-2783	3036
1926	-11806	4187
-2764	-10412	7947
-1542	4441	4894
-269	15879	-3423
-4631	17290	-11785
-8030	14102	-12891
-9697	12793	-12316
-11625	10466	-11962
-14112	2738	-10325
-16813	-4573	-8157
-18910	-9296	-2140
-18502	1709	1222
-18502	1709	1222
-14333	12079	-724
-10893	15766	-2847
-6613	17992	-3511
-1769	17145	-3334
-223	16447	-3777
3054	13006	-4396
6706	8178	-6520
6551	537	-6122
5478	-7365	-4529
2248	-14711	293
-3623	-19934	6841
-9247	-22031	8478
-13672	-21256	5691
-13672	-21256	5691
-17096	-16900	824
-16307	3095	-7980
-15578	11990	-7405
-13320	14609	-3157
-13889	3651	6133
-14493	-12363	9142
-10852	-21745	5425
-6134	-22337	2240
-1620	-19165	4585
-2174	-14594	7549
-5442	-8639	9584
-16115	-7814	8390
-19244	-8946	3434
-19244	-8946	3434
-18258	-10452	-2538
-13975	-12950	-5281
-5173	-19694	-3467
-5867	-18414	-4529
-7822	-17528	-5015
-10312	-17712	-4352
-11683	-18110	-3511
-10508	-19310	-3246
-8489	-19595	-2980
-1814	-18398	-2980
525	-17268	-3334
1732	-15108	-4352
2458	-13375	-5015
2458	-13375	-5015
2735	-13371	-5369
936	-14039	-5414
-1817	-16428	-5679
-10148	-17498	-4617
-15808	-16017	-2095
-19000	-12283	249
-19955	-4833	1045
-16929	3654	3169
-12285	4437	5160
-8831	-2217	8257
-5882	-11802	9319
-2722	-13605	7284
-1647	-17252	6310
-1647	-17252	6310
-2262	-19320	5647
-6579	-23021	6133
-10115	-22961	6930
-14808	-19172	7815
-18153	-9301	6399
-17456	-1473	5160
-14317	4908	4142
-9350	9635	3257
-2002	2039	5602
-136	-9649	6133
-722	-20173	3567
-3427	-21111	-2759
-10838	-14841	-5989
-10838	-14841	-5989
-16259	-16375	-1653
-18653	-13050	2417
-18339	-4453	4319
-17521	-1609	4806
-16167	-1026	5912
-13265	157	6886
-7876	1385	7195
-1807	6070	4098
4127	12753	-3821
2785	-5017	-9175
3334	-9912	-6166
4161	-8850	-6697
5335	-1766	-10236
5335	-1766	-10236
5022	8755	-4883
118	116	4673
2818	-3924	4187
-6894	-11569	10337
-12003	-14344	9938
-12486	-18383	9363
-14282	-17391	8832
-15441	-10772	8567
-13462	-2313	7505
-11369	5424	5071
-8226	16428	-2361
-7704	18512	-5635
-9255	17906	-7759
-9255	17906	-7759
-9758	15866	-10546
-8956	12899	-12360
-6570	16911	-12449
-1637	19884	-11077
116	18063	-8998
1413	16767	-6785
3866	14011	-5900
4756	10479	-4838
6124	6532	-4396
6399	3254	-3998
5971	-1456	-1564
4229	-7655	1576
144	-15133	5691
144	-15133	5691
-3927	-18190	8080
-8734	-18379	9098
-13743	-17636	8788
-16463	-16069	7284
-18851	-13041	4496
-19785	-11447	3656
-18309	-10494	6133
-14726	-11578	8346
-10791	-17602	8832
-3065	-19949	5293
-2043	-20500	4408
-4171	-21817	2815
-7932	-23273	1134
-7932	-23273	1134
-11633	-17221	-4263
-12971	-14527	-5768
-15171	-15255	-3909
-16826	-15617	-414
-18857	-13323	4496
-18724	-7919	5647
-17151	-313	5204
-11430	6837	4629
-7347	5945	5558
-5054	328	7284
-1634	-5472	6886
1753	-9317	4939
2485	-11137	4142
2485	-11137	4142
3052	-11895	2903
3854	-12202	2151
3252	-12944	2373
1760	-13318	4142
-1671	-13750	7549
-10395	-6032	9408
-14528	-2881	7859
-16949	-3283	6355
-15485	-7530	8213
-10274	-8213	9319
-5093	-10885	9142
-3751	-15193	7593
-5819	-22803	5602
-5819	-22803	5602
-6836	-22928	1665
-6186	-23005	2196
-5568	-14045	8611
-670	6882	3877
-747	18075	-7183
-6089	12874	-13201
-17366	-13779	-3732
-18215	-6785	5027
-10117	9427	2992
-3768	17880	-3024
-1542	18371	-5635
-73	12681	-1033
-1791	3175	4806
-1791	3175	4806
-4180	-11480	8921
-5170	-14544	9142
-5579	-16057	9098
-5742	-16720	8700
-6486	-13669	9452
-4286	-8423	9231
-298	101	5824
3029	10329	-1432
3798	12899	-4263
4701	12300	-6918
5234	10223	-9573
5109	510	-9484
4423	-6604	-6166
4423	-6604	-6166
3068	-13866	-2493
-3494	-21438	3479
-9072	-23211	4541
-14748	-21181	2638
-17605	-13892	-458
-19105	1166	-3069
-17559	7009	-458
-13212	8006	4054
-2863	-2869	6974
3629	-11822	2726
2185	-15799	-2626
-8417	-23911	1488
-18507	-11868	868
-18507	-11868	868
-20296	-4195	691
-18277	1383	1886
-16279	8199	-16
-13835	13658	-3113
-13296	15224	-4440
-12285	14945	-7316
-14048	8684	-10281
-13985	28	-10281
-11611	-10196	-8688
-8048	-17383	-5281
316	-18068	1399
3293	-13342	514
3293	-13342	514
6113	-5447	-458
3116	2364	2240
-4844	1283	6886
-13185	-4301	8832
-18699	-5738	5735
-19827	-1520	-2095
-18424	-950	-5325
-16874	-9112	-5414
-14490	-19177	72
-8542	-23060	3744
-2660	-20151	4585
-448	-15634	6310
-4005	-8743	9452
-4005	-8743	9452
-10612	-6458	9673
-16665	-6958	7505
-19038	-8586	116
-15946	-10531	-4529
-9739	-11709	-8732
-4023	-13618	-8024
-1715	-20747	1753
-2966	-22050	1797
-6135	-23045	2594
-7886	-23186	2594
-6402	-22368	1930
-3350	-21011	426
-1	-18389	-989
-1	-18389	-989
4825	-8758	-5591
5492	-2557	-8909
2463	-2353	-11077
-2183	-3396	-12050
-8938	-7252	-10502
-13299	-6846	-9263
-16491	-4906	-6874
-18903	1699	-3467
-16764	9381	-1564
-8683	14851	-148
-3512	13544	249
2936	210	2815
3183	-8938	2815
3183	-8938	2815
1000	-17865	2019
-7255	-23413	1134
-14207	-21056	1178
-18214	-15475	2196
-19873	-6537	2196
-16980	5032	2682
-12685	8481	2682
-7085	9845	3346
1161	-1426	4231
3023	-12129	1974
328	-18236	-1963
-6190	-17269	-5945
-18665	-8509	-3113
-18665	-8509	-3113
-19252	834	824
-13204	9193	2063
-5966	12261	1488
1778	11057	-591
3292	13260	-4971
1802	13558	-11608
-3002	-13556	-7405
-5903	-21366	6089
3754	-9966	3390
6673	-2196	-1520
7371	2805	-4662
4023	8259	-1918
-4012	3730	5425
-4012	3730	5425
-14800	-7784	8788
-18835	-9434	5779
-19643	-6297	2682
-20339	-6771	1266
-19226	-13565	4187
-16155	-14940	7107
-10578	-17679	9363
-3502	-17580	7151
-2295	-16420	7284
-4337	-16042	7947
-9146	-16491	9983
-15906	-8621	8257
-18662	-8459	6576
-18662	-8459	6576
-19132	-12541	3877
-12671	-13467	-6122
-6493	-8730	-10502
-4360	-14477	-6874
-5460	-22264	2063
-4689	-20839	6133
-5317	-22375	5160
-6343	-22483	5381
-5419	-23097	3877
-2904	-20462	-1210
-230	-16448	-4175
2242	-11092	-7405
1781	-3305	-10944
1781	-3305	-10944
-965	-1028	-12891
-4387	-2681	-12935
-9438	-11743	-8776
-16661	-15378	-2538
-19067	-10797	-370
-19979	-8455	824
-19642	-10761	2284
-19643	-13665	1001
-14929	-16617	-1963
-8175	-14720	-7183
2455	-5036	-10458
6623	-1177	-6785
6238	3873	-2847
6238	3873	-2847
126	16239	-4042
-7641	15297	-10104
-12078	13044	-10015
-12804	14672	-8024
-14423	13866	-5546
-14463	13642	-4573
-10456	16058	-3644
197	18784	-7626
2202	-13663	-4573
-6601	-21333	-1874
-2984	-17873	5337
2031	-2094	4187
1249	-8021	5337
1249	-8021	5337
508	-14637	5425
1081	-15979	3080
2107	-16830	912
1131	-16420	1797
646	-18688	3036
-6077	-22704	6089
-10780	-23760	6178
-16262	-20927	4762
-19166	-14395	3036
-20074	-5700	28
-19017	-3435	-3644
-16251	-2189	-7449
-8943	3834	-13422
-8943	3834	-13422
-2047	13462	-15059
2382	14320	-8024
1209	376	3567
1409	-13008	4629
136	-13171	6310
-2413	-12415	7726
-3070	-1464	7151
-1717	9040	2948
2300	15881	-6299
6016	7120	-9042
5847	-3327	-6564
5728	-6004	-6299
5173	-8006	-3909
5173	-8006	-3909
5144	-9194	-1830
5243	-8997	-3467
5302	-8307	-5104
5097	-10335	-3378
4334	-12324	-1963
3705	-13357	-1033
3413	-13089	28
3579	-13096	558
2963	-13030	912
3809	-12045	912
3869	-12293	1045
4215	-10492	558
4292	-10485	28
4292	-10485	28
5568	-9143	-325
5097	-8967	-370
5808	-6434	-281
5486	-5590	-281
6006	-3082	-1033
6175	-1483	-2228
6116	-1802	-2007
5833	-4238	-1432
5932	-7355	-2538
3721	-12140	-5325
-655	-12246	-7980
-6077	-13511	-8157
-11857	-11337	-7537
-11857	-11337	-7537
-18233	1058	-5546
-15195	11062	-6431
-7444	18980	-9175
3388	11618	-11298
4598	-2212	-8378
112	-17734	28
3687	-11046	2549
5947	6481	-8599
587	-4996	-10767
-7279	-14648	-7272
-13330	-15277	-4927
-13297	-6713	-8644
-12549	2893	-11387
-12549	2893	-11387
-11971	12144	-11166
-14474	13914	-6564
-16255	10696	-2582
-17744	6620	-325
-18740	3604	1576
-18370	1224	3302
-17712	-941	4850
-17445	-1446	5735
-15781	-4954	7638
-14557	-6264	8301
-13164	-7960	8832
-10690	-7401	9098
-4796	-2920	8169
-4796	-2920	8169
-920	-988	5691
3128	-1033	3744
5831	-5663	-104
4742	-11520	-1564
-1428	-21477	1089
-9415	-24344	5071
-18379	-13864	5514
-18073	1168	2240
-13230	13408	-5502
-21541	-9215	-237
-12857	-2415	7195
1428	12359	-635
5642	8035	-6343
5642	8035	-6343
4556	-8791	-325
727	-18170	1089
-4333	-22267	-458
-12935	-20437	-458
-18080	-17195	1886
-19820	-8294	2019
-19220	525	249
-14295	11113	470
-9427	6943	4585
-4247	-862	6841
4556	-7942	2019
3273	-15476	-414
-3862	-22167	28
-3862	-22167	28
-11209	-20784	-812
-17023	-14584	-1343
-19287	-10906	-60
-20475	-9647	558
-19401	-9531	-281
-16879	-13016	-2847
-14104	-16317	-3378
-9093	-20769	-1963
-1362	-19438	3877
-833	-13462	7107
-4581	-9091	9186
-10061	-6314	9408
-17684	-6068	6753
-17684	-6068	6753
-19181	-8904	5647
-17249	-13003	6974
-8551	-13597	9363
-3458	-11116	7947
-1409	-11323	7682
-3218	-13406	8169
-7857	-16208	9894
-11024	-15614	10204
-13351	-11804	9496
-15271	-5734	8080
-15335	-4350	7239
-16706	-6890	7682
-16868	-13017	8036
-16868	-13017	8036
-14012	-20453	6178
-11310	-22730	5425
-8355	-22374	5071
-8059	-21313	7416
-9080	-18031	9363
-8806	-10335	10115
-8894	-3559	8611
-14381	-14966	9054
-12661	-19235	-901
-10690	-3448	-10767
-13167	5849	-11387
-17635	5319	-5856
-17477	9762	-3865
-17477	9762	-3865
-12677	14818	-2980
-3705	14607	-281
176	6372	2505
2315	-9302	3788
3786	-14320	-16
-572	-14234	-6653
-7098	-13754	-8378
-15552	-13738	-4219
-19350	-401	1134
-14534	11735	-1343
-7525	18484	-3511
-1717	13655	-148
3497	-8339	2771
3497	-8339	2771
1562	-17723	-768
-5764	-19943	-3246
-18568	-12313	-148
-19371	-1386	1134
-15666	8504	912
-10334	14970	-1166
-5651	18515	-5900
-7773	16812	-10236
-11187	6010	-12980
-11255	-14091	-6830
-3713	-20077	4319
2757	-12398	3700
5678	-3000	780
5678	-3000	780
2187	8720	558
-5048	10239	2771
-12265	5525	5381
-17373	152	4541
-20428	-4719	381
-19793	-9380	-1078
-17810	-15731	249
-10832	-21955	2638
-4417	-21957	2815
-435	-17361	3833
-818	-12404	6930
-7462	-2544	9009
-14713	-1577	7726
-14713	-1577	7726
-20066	-5144	3346
-13909	-7491	-8378
-4956	-8512	-11033
859	-17030	-2670
1908	-15953	-4352
-2677	-15433	-6476
-4327	-15424	-7095
-4676	-13862	-8157
-4668	-15141	-7272
-5282	-18619	-4971
-4520	-19796	-3777
-4227	-19560	-2936
-3540	-18027	-4485
-3540	-18027	-4485
-3704	-15603	-6874
-5204	-14219	-7803
-6220	-13432	-8776
-8574	-12701	-8201
-13490	-16981	-3777
-18250	-16180	2284
-14436	876	5735
-7871	7257	4806
-3761	5782	4541
-3635	-3123	7549
-3454	-19619	6974
-4277	-22704	3390
-6187	-22405	-635
-6187	-22405	-635
-12250	-20856	-724
-17647	-18225	2638
-18276	-9741	5027
-15160	2544	4629
-6201	12968	1311
-1454	6184	3434
-542	-10321	6355
-4330	-23126	691
-11751	-21663	-856
-18638	-15187	1753
-19289	-6428	4673
-11143	2484	6532
-4582	4363	5425
-4582	4363	5425
-103	4778	3346
2556	9435	-325
-2927	13391	-12360
-6637	-10108	-10015
-9725	-21920	2682
3876	-12460	381
6585	-6803	-4440
6829	5557	-7891
2844	13051	-5148
-8721	11021	2151
-15459	7499	2417
-17006	7585	-1520
-18065	1948	-6387
-18065	1948	-6387
-17322	-7983	-5679
-15722	-17572	-1564
-10241	-22060	2594
933	-17442	1930
5241	-7826	1178
2424	-190	3921
-11821	-240	7726
-17889	-797	4585
-18434	3278	-370
-17584	5909	-5192
-14084	12316	-8157
-6273	20427	-9484
-5804	16855	-2715
-5804	16855	-2715
-2971	3101	5071
141	-2607	5779
3665	-9079	2815
5242	-9478	-1653
738	-14361	-5015
-5574	-19981	-3024
-12389	-21504	426
-17458	-16279	1797
-19525	-3130	-16
-17779	3947	-414
-15107	10874	-16
-4282	14715	-502
1737	4937	1930
1737	4937	1930
3892	-9034	2063
-301	-19457	-16
-15515	-17758	-812
-19875	-5323	868
-16243	4817	3036
-15982	-929	6576
-16885	-5367	6930
-17062	-9702	7505
-17827	-10989	6310
-18337	-12065	-281
-14992	-13809	-4131
-9407	-18392	-3511
-3274	-20518	3036
-3274	-20518	3036
-3155	-17928	6886
-4739	-11165	9054
-8340	-4093	9098
-14268	-2209	7638
-16503	-3499	6709
-17384	-7685	6576
-16453	-13262	7903
-11272	-20570	7107
-7126	-21096	6974
-4461	-19339	7151
-4889	-14753	8965
-5818	-8533	9540
-9300	-2081	8611
-9300	-2081	8611
-13600	-3945	8567
-17905	-14081	5956
-16468	-15221	-1078
-11054	-9589	-9352
-3096	-9438	-10148
-1565	-17463	-4573
-1339	-17072	-4883
-2100	-15360	-6653
-3956	-13238	-7449
-3396	-13018	-8157
-2775	-12629	-8290
-1935	-13910	-7228
-1950	-15614	-6077
-1950	-15614	-6077
-1940	-16822	-5192
-1453	-17405	-3600
15	-17299	-3644
2088	-13507	-5723
2829	-9881	-8555
-1628	-4033	-11785
-7717	-5727	-11431
-13026	-9037	-8555
-17469	-8872	-4927
-19347	401	-1078
-16282	8878	-768
-8501	14745	-104
-2367	13086	293
-2367	13086	293
3166	-2572	3036
3810	-11109	2019
2171	-16457	-768
-3513	-19910	-3113
-9626	-21872	-1033
-15138	-19613	1134
-19080	-13895	2505
-18475	1826	293
-15290	10579	-1741
-9588	16823	-2936
-136	10158	868
3454	-4224	2903
3255	-13990	-1033
3255	-13990	-1033
-2000	-15219	-6653
-15445	-11615	-5104
-19760	-4447	-1609
-19225	2463	28
-15242	5767	2992
-12042	9390	3125
-8742	13186	780
-6990	18319	-4352
-5946	13553	-13953
-5943	-7593	-11298
-5626	-22265	2151
5339	-9448	1443
7091	-953	-2361
7091	-953	-2361
5731	7478	-4086
-1122	11777	868
-15748	-540	6443
-19734	-2520	1753
-18842	-3193	-3334
-17793	-9791	-4662
-13045	-21324	2815
-4558	-18339	6001
1393	-12452	5160
420	-1832	5691
-7728	-701	8036
-17063	-6042	7416
-19604	-8450	470
-19604	-8450	470
-8021	-2683	-12758
19	-7323	-10413
-750	-13806	-7095
-3817	-12590	-8599
-6317	-13543	-8378
-7970	-13865	-7980
-9192	-12595	-8245
-7261	-7142	-10812
-5473	-3179	-12493
-6183	3025	-13466
-7776	13319	-12183
-12189	15393	-6653
-17245	7945	558
-17245	7945	558
-16664	-5722	7195
-1616	-18789	5425
1841	-15942	2948
5755	-8887	-3777
1704	-4996	-10767
-7271	-10257	-9396
-16756	-14772	-3113
-19817	-6358	1974
-15463	10896	-4485
-11295	15994	-9573
-3202	17134	-13334
2253	10208	-13820
4545	-6054	-5192
4545	-6054	-5192
537	-15252	4010
-4029	-10742	8965
-5872	13121	337
-9871	16845	-4617
-13051	14499	-5546
-15220	11850	-7493
-14209	5596	-10900
-11189	10568	-11741
-9584	13213	-12139
-6363	17718	-12227
-4957	19535	-8555
-5639	16613	-3024
-6384	11019	2328
-6384	11019	2328
-3942	125	6664
-4282	-5700	8213
-1220	-9385	7461
5471	-5791	1620
7473	402	-3865
6095	7087	-9175
820	13357	-12404
-9610	17510	-9794
-12706	16276	-4175
-11521	11095	1886
-9539	1279	7239
-2968	-13754	7903
-2968	-13754	7903
1687	-11784	5204
1754	-6751	5160
-7763	-8854	9938
-14862	-13943	8921
-18195	-12326	6310
-19979	-9936	3788
-18212	-15531	3833
-13602	-20128	2815
-7173	-20960	-856
-1667	-20155	-458
-3889	-20862	5204
-9678	-20246	9231
-14099	-14931	9098
-16409	-6954	7239
-16409	-6954	7239
-14271	-5208	8213
-8053	-3831	7903
873	-9261	6001
2225	-14114	3125
2698	-16627	-1166
661	-16406	-4662
653	-6828	-10590
4217	9799	-12095
-1917	10405	824
-15864	-13445	8478
-18414	-12434	1045
-19209	-3010	-3821
-19209	-3010	-3821
-20130	-4075	-414
-17593	-6239	6355
-10347	-5560	8213
-2021	-5055	7328
2226	-10927	4231
-2590	-21975	1443
-12190	-24050	4098
-18418	-11606	2373
-15879	5305	3390
-15604	5342	3257
-17004	3906	2682
-18899	1451	2063
-20228	-4256	-16
-20228	-4256	-16
-19470	-8178	-1520
-15041	-15329	-3644
-3915	-20648	2240
-430	-14781	5691
-3898	-12257	9098
-10646	-7439	9319
-17975	-7926	6178
-19692	-8674	1443
-18274	-9896	-2007
-15989	-14919	-2670
-12790	-20745	1576
-8892	-22514	5071
-4117	-17963	6841
-4117	-17963	6841
-3034	-11757	8567
-6564	-11069	9806
-11500	-8500	9761
-17359	-8473	7638
-18867	-12666	5425
-15796	-17108	647
-10160	-16076	-5679
-5091	-18414	-4529
-7015	-22989	3656
-4387	-14955	8257
-791	-13106	6753
-445	-16358	5204
-905	-18641	4894
-905	-18641	4894
-214	-18582	2992
4984	-12267	-3688
6680	-2432	-7759
6495	5673	-8732
-1896	-1207	6310
-10089	-22567	6443
-14053	-16003	-3157
-15263	-7225	-7139
-20401	-6113	-679
-17511	-2809	5071
-9126	7428	5204
-995	12200	780
2770	-1931	2505
2770	-1931	2505
839	-17082	4010
-2698	-20402	-3113
-12313	-10622	-8422
-19527	-8300	-2936
-18716	-1733	3479
-10727	9144	3080
474	6551	2284
4106	2941	1178
4162	3301	558
1307	5107	2328
-1267	8982	2063
-3910	12587	824
-7721	15886	-1255
-7721	15886	-1255
-13105	14737	-4883
-15457	9644	-8334
-14451	-2725	-9573
-10655	-16042	-5635
-164	-17992	3656
-180	-16114	5337
3645	-3215	3833
-2168	3203	5381
-8426	5098	5735
-12373	5033	5381
-15891	2576	4850
-18408	-2416	4585
-16886	-8217	6886
-16886	-8217	6886
-15046	-11128	8921
-9275	-13040	9806
-6023	-14086	9098
-3401	-15409	7947
-2873	-16493	7461
-2834	-17159	7239
-4333	-16012	8346
-4434	-11870	9142
-8639	-4972	9054
-14242	-8461	9452
-18790	-11959	5160
-18331	-6822	-2936
-10111	10023	-13068
-10111	10023	-13068
-1922	9965	-14042
-4338	3490	-14042
-3878	5143	-13997
-4903	6200	-14086
-6344	6439	-13511
-10376	10643	-12095
-17736	6611	-5104
-18565	5454	-2715
-18665	5006	-679
-18470	1902	2549
-17062	-5333	7063
-13000	-9265	9054
-5936	-12249	8478
-5936	-12249	8478
-1530	-11638	7549
2943	-10954	3656
4707	-10675	1134
5272	-11566	-724
4114	-12237	-3290
3378	-12462	-4927
1816	-13049	-5768
815	-12716	-7051
-635	-11261	-7980
-965	-10468	-9396
-1893	-8939	-10679
-2116	-6677	-11387
-3419	-4798	-12493
-3419	-4798	-12493
-4538	-4412	-12449
-11692	-18067	-4086
-9051	-21713	249
-4409	-20974	-2493
-5821	-18027	-4485
-11324	-15549	-5635
-12742	-12192	-6741
-13265	-8377	-7891
-13278	-6963	-8334
-13089	-6891	-8511
-13095	-6180	-9042
-13424	-4987	-8776
-14174	-4712	-8245
-14174	-4712	-8245
-14513	-3012	-9130
-14546	-1781	-9086
-15502	-550	-9042
-14866	998	-9130
-15549	1031	-8909
-15620	1132	-8599
-16014	1016	-7759
-16679	736	-7847
-16798	1010	-7316
-17129	613	-6564
-18044	784	-6166
-18766	-382	-5679
-18057	-494	-5192
-18057	-494	-5192
-18992	-2231	-4263
-18542	-3109	-4396
-17934	-2896	-4485
-18360	-4553	-4263
-18537	-4693	-4352
-18577	-4971	-4617
-18258	-3988	-4440
-18276	-4832	-4440
-18511	-4299	-4838
-18288	-3765	-5325
-17433	-3334	-6033
-17831	-3299	-5989
-17210	-3264	-5945
-17210	-3264	-5945
-17377	-3155	-6254
-16674	-3186	-6564
-17070	-2908	-6299
-17131	-2833	-6653
-16485	-2940	-6520
-17524	-3217	-6874
-16932	-3425	-7139
-16631	-3459	-7183
-17029	-2614	-7272
-16757	-3175	-7449
-16101	-3489	-7582
-16213	-3209	-7493
-15539	-4475	-7582
-15539	-4475	-7582
-15579	-4399	-8024
-14662	-3861	-8776
-14371	-4034	-8998
-13594	-3853	-9396
-12746	-3773	-10104
-12420	-3596	-10236
-12033	-2674	-10767
-11265	-3088	-11387
-11033	-1959	-11652
-10771	-2028	-11741
-9761	-1285	-12050
-9984	-1354	-12139
-9081	-1104	-12449
-9081	-1104	-12449
-9065	-676	-12891
-9100	-1035	-12360
-8877	-501	-12847
-8424	-364	-12493
-8591	-255	-12803
-8238	-432	-12670
-9135	-220	-12758
-8867	-1000	-12316
-8931	-255	-12803
-9002	200	-12670
-8504	-47	-12537
-8773	-149	-12847
-8669	-151	-12670
-8669	-151	-12670
-8918	-432	-12670
-8501	93	-12537
-8915	-292	-12670
-8961	-1032	-12537
-8954	-326	-12714
-8750	-542	-12360
-9241	168	-12891
-9201	-892	-12537
-8915	-292	-12670
-8685	239	-12980
-8644	-293	-12581
-8895	-361	-12758
-9170	-225	-12404
-9170	-225	-12404
-8743	628	-13112
-8533	410	-12581
-8992	-361	-12758
-9238	-683	-12360
-9198	-751	-12537
-9029	-790	-12227
-8710	381	-13068
-8951	-186	-12714
-8876	380	-12980
-8863	202	-12847
-9340	-894	-12360
-9128	131	-12758
-9222	271	-12758
-9222	271	-12758
-8591	445	-12537
-9280	306	-12714
-9271	-255	-12803
-8854	-540	-12537
-9319	271	-12758
-8993	-542	-12360
-8882	271	-12758
-9062	-1181	-11918
-8853	-4	-13112
-9568	-190	-12360
-9337	-1107	-12183
-9445	903	-12581
-9529	-156	-12316
-9219	58	-12581
-8603	165	-12714
-9996	58	-12581
-8808	-153	-12493
-9473	-1142	-12227
-8720	-119	-12449
-9140	-604	-12980
-9092	25	-12714
-9264	-84	-12404
-8980	-82	-12581
-9070	-611	-12449
-9032	233	-12537
-9262	-297	-12227
-9262	-297	-12227
-9726	-296	-12316
-8968	-330	-12449
-8948	-399	-12537
-8824	56	-12404
-9090	-77	-12935
-9606	-509	-12227
-8559	308	-12891
