213	79	-190
215	75	-190
209	56	-210
200	46	-220
198	39	-230
186	45	-241
178	42	-259
158	47	-265
152	44	-273
132	32	-278
119	43	-284
105	47	-291
98	45	-298
99	57	-297
98	68	-301
98	72	-298
104	69	-297
110	70	-301
120	71	-290
133	65	-289
143	62	-290
152	53	-276
157	53	-271
165	52	-267
178	57	-256
176	61	-250
190	70	-243
195	75	-236
202	75	-234
204	86	-224
209	93	-210
212	103	-194
220	109	-181
212	123	-160
214	121	-148
213	134	-121
191	146	-98
180	160	-79
153	177	-63
133	202	-63
98	229	-92
66	240	-130
37	242	-170
9	236	-186
-11	219	-201
-27	194	-199
-41	185	-211
-61	170	-207
-47	156	-226
-49	156	-231
-32	157	-240
-31	168	-243
-17	175	-250
-2	185	-249
18	188	-265
34	188	-272
59	186	-265
83	180	-276
102	178	-278
126	165	-270
156	172	-253
168	162	-230
186	161	-200
197	154	-174
207	144	-151
217	126	-141
226	98	-129
221	78	-134
218	59	-145
222	40	-159
205	30	-182
195	13	-214
166	1	-232
128	-3	-255
93	-2	-268
62	6	-262
32	18	-270
13	45	-274
0	63	-274
-9	78	-271
-9	98	-268
0	107	-268
-2	114	-273
6	111	-289
12	107	-285
13	102	-291
29	88	-293
32	81	-298
48	77	-289
64	75	-298
83	76	-302
114	79	-301
128	79	-298
150	85	-280
172	97	-262
192	100	-248
205	107	-225
214	107	-199
213	111	-176
217	128	-151
212	135	-141
199	154	-114
186	165	-99
168	185	-93
152	198	-98
127	221	-91
102	233	-98
80	229	-104
57	238	-109
31	233	-127
14	233	-148
-10	220	-171
-23	210	-187
-48	185	-206
-52	173	-213
-58	154	-224
-58	138	-229
-56	131	-236
-42	136	-253
-28	140	-262
-13	148	-266
9	156	-262
26	173	-266
39	186	-267
58	196	-266
81	203	-259
106	208	-240
121	211	-224
141	210	-211
160	204	-186
168	203	-168
183	188	-138
179	184	-111
176	161	-85
171	148	-52
152	130	-33
144	111	-22
128	104	-8
105	111	0
83	114	0
63	107	0
55	104	2
35	101	0
24	94	1
21	87	-2
20	81	-3
27	56	-10
45	29	-10
66	9	-25
82	-3	-39
107	-19	-54
128	-33	-87
145	-38	-122
167	-35	-150
167	-19	-186
163	-10	-212
158	-3	-231
158	-1	-243
137	9	-258
119	15	-279
102	30	-285
93	48	-290
81	69	-297
68	84	-305
64	100	-298
60	107	-304
67	117	-297
76	119	-302
78	122	-305
88	119	-299
104	121	-299
110	125	-298
125	128	-280
140	143	-279
149	147	-270
155	153	-252
161	160	-240
169	177	-226
171	183	-201
171	189	-170
160	197	-142
159	194	-124
148	201	-100
132	212	-100
115	217	-91
90	226	-103
70	235	-117
47	237	-146
27	231	-176
4	225	-190
-4	212	-204
-27	196	-206
-42	195	-202
-59	180	-208
-64	173	-204
-67	170	-200
-78	157	-204
-66	162	-206
-56	156	-222
-48	162	-237
-35	161	-238
-16	162	-259
1	167	-259
10	169	-276
32	181	-274
63	178	-278
78	177	-277
98	175	-262
111	176	-264
128	190	-255
144	188	-234
148	205	-218
153	202	-193
163	197	-176
168	198	-148
168	189	-124
169	179	-97
175	176	-81
171	164	-72
176	163	-66
167	145	-56
178	126	-48
178	105	-43
189	82	-55
198	71	-76
211	52	-97
215	47	-126
220	43	-162
206	43	-190
188	36	-226
156	25	-253
115	28	-276
83	39	-290
56	53	-290
25	72	-291
8	85	-283
2	97	-277
-1	106	-274
-9	117	-268
-1	118	-272
-2	117	-276
1	110	-283
3	101	-283
4	88	-293
16	77	-296
28	76	-292
42	69	-297
49	73	-299
68	72	-301
76	85	-299
87	84	-305
104	82	-299
113	85	-299
133	84	-293
140	86	-291
153	88	-277
176	93	-265
183	100	-255
196	112	-242
196	126	-225
197	136	-217
191	151	-201
188	170	-181
168	189	-180
156	204	-174
137	220	-164
114	227	-174
98	227	-190
79	230	-211
57	222	-217
42	212	-232
21	210	-237
0	193	-246
-23	178	-235
-27	180	-225
-38	179	-219
-52	176	-201
-56	177	-186
-65	175	-183
-61	177	-178
-55	183	-184
-46	183	-184
-42	184	-193
-36	180	-211
-20	185	-235
-7	176	-254
2	168	-272
24	151	-280
47	144	-302
88	130	-295
115	135	-290
153	154	-265
172	154	-224
191	160	-196
211	143	-183
215	127	-181
220	109	-195
215	100	-205
203	87	-228
194	76	-244
166	62	-264
151	63	-274
134	51	-290
121	38	-284
101	38	-284
95	26	-288
81	32	-285
74	32	-295
63	23	-285
59	20	-286
49	10	-276
37	1	-261
32	-5	-260
9	0	-248
1	1	-252
-7	17	-244
-23	21	-240
-36	37	-240
-43	46	-235
-52	57	-228
-58	68	-226
-58	75	-217
-57	89	-218
-66	89	-213
-62	94	-220
-63	104	-226
-52	98	-232
-49	100	-243
-34	101	-256
-26	104	-265
-9	105	-280
4	90	-284
24	92	-292
39	79	-296
52	72	-293
71	77	-289
75	65	-301
89	54	-296
93	48	-292
104	42	-288
112	38	-289
115	35	-285
122	32	-278
126	34	-279
130	34	-277
138	32	-266
140	27	-265
145	30	-259
164	28	-254
181	31	-234
186	36	-224
202	40	-198
210	46	-180
220	65	-157
221	71	-127
15	93	-116
205	110	-105
207	130	-91
198	157	-91
180	178	-96
169	181	-94
160	200	-94
136	210	-96
115	226	-100
96	231	-116
76	246	-134
49	246	-146
28	235	-156
4	231	-174
-16	214	-184
-39	194	-211
-55	169	-211
-66	146	-211
-73	137	-211
-75	126	-204
-75	114	-211
-74	115	-210
-67	113	-210
-66	117	-216
-61	120	-222
-59	126	-220
-58	136	-229
-56	147	-214
-49	150	-214
-52	162	-211
-55	157	-196
-57	162	-192
-59	160	-196
-65	150	-181
-69	151	-175
-78	135	-158
-80	139	-156
-74	138	-147
-70	140	-147
-71	142	-165
-63	136	-183
-56	127	-217
-47	127	-241
-21	125	-265
0	122	-286
37	128	-299
84	150	-291
113	176	-266
143	192	-235
164	183	-211
181	181	-188
188	177	-181
198	160	-187
202	156	-176
206	138	-178
210	126	-175
217	107	-196
210	94	-204
199	81	-226
182	64	-247
157	62	-273
118	60	-278
88	62	-290
58	62	-292
37	87	-292
22	93	-291
11	104	-286
18	118	-282
28	121	-290
29	131	-284
36	131	-289
45	118	-289
43	106	-293
35	82	-295
39	75	-291
34	70	-296
28	71	-288
12	78	-283
-8	88	-272
-10	100	-267
-24	122	-260
-9	130	-256
-13	135	-268
-1	134	-270
11	136	-272
20	131	-286
40	121	-295
62	109	-301
88	89	-307
102	76	-295
130	52	-289
145	46	-268
167	52	-260
188	52	-246
203	64	-228
206	70	-210
214	76	-196
217	89	-184
221	98	-177
222	104	-171
223	114	-165
219	117	-158
223	121	-158
217	130	-146
215	145	-157
209	154	-164
197	163	-176
189	178	-187
175	194	-196
151	204	-198
127	212	-204
109	214	-223
94	204	-229
67	208	-242
51	201	-249
44	183	-259
33	173	-268
22	161	-274
25	154	-284
31	146	-285
35	142	-292
35	144	-290
48	145	-293
52	154	-293
56	155	-283
57	159	-284
58	171	-285
66	163	-284
75	175	-279
93	169	-276
90	173	-273
110	175	-270
119	170	-262
124	168	-265
135	170	-258
138	173	-249
15	179	-234
153	181	-236
150	185	-225
152	192	-216
151	197	-212
155	196	-208
151	197	-214
146	193	-217
144	190	-219
134	192	-228
126	184	-246
105	179	-258
83	171	-266
56	162	-273
29	156	-267
-12	154	-258
-40	136	-236
-65	136	-198
-74	136	-159
-74	145	-142
-69	151	-120
-55	169	-115
-42	181	-104
-33	193	-116
-32	201	-127
-28	202	-133
-13	208	-156
-12	220	-176
-15	225	-195
-7	217	-216
9	215	-241
21	212	-247
37	212	-261
59	202	-262
80	204	-253
96	206	-241
114	204	-236
127	198	-235
149	195	-226
158	181	-222
166	160	-240
163	150	-241
160	131	-253
159	114	-266
150	96	-278
138	92	-276
114	90	-286
103	100	-291
91	88	-293
75	93	-298
65	92	-297
52	93	-289
39	93	-291
33	94	-295
17	85	-285
17	85	-288
18	79	-289
5	87	-280
14	78	-290
12	80	-285
17	80	-285
22	68	-291
24	62	-292
36	54	-296
41	63	-298
39	52	-293
44	51	-295
45	47	-289
52	29	-289
58	14	-283
62	13	-274
64	-3	-279
82	-8	-267
86	-22	-252
94	-30	-236
110	-30	-229
117	-35	-222
135	-26	-210
145	-25	-220
146	-28	-210
157	-22	-196
169	-21	-193
171	-18	-175
179	-21	-164
182	-25	-144
178	-20	-134
181	-17	-109
175	-9	-100
172	-8	-94
178	-4	-86
176	-1	-73
174	9	-68
179	11	-58
179	31	-56
172	40	-44
179	59	-32
172	79	-37
175	94	-38
173	117	-43
166	132	-45
163	150	-51
163	163	-58
159	178	-64
155	178	-60
148	194	-64
141	196	-74
130	206	-80
137	213	-85
118	223	-103
105	236	-106
93	235	-117
83	242	-129
73	243	-140
62	238	-157
43	243	-157
42	242	-160
28	233	-165
24	230	-172
24	233	-158
14	237	-153
19	233	-151
18	238	-145
21	235	-146
26	237	-148
24	233	-148
21	239	-151
33	235	-153
43	247	-157
50	243	-171
60	242	-177
68	238	-195
80	236	-214
84	227	-217
95	208	-232
112	202	-231
126	193	-243
146	175	-250
155	169	-240
165	156	-236
176	138	-234
187	114	-232
187	98	-232
187	73	-244
188	59	-248
166	48	-254
145	51	-273
130	50	-277
105	59	-282
76	57	-290
49	57	-283
29	61	-291
3	73	-280
-11	76	-261
-18	85	-264
-28	88	-258
-26	86	-258
-17	93	-267
-15	84	-270
-4	80	-280
18	72	-298
34	68	-291
60	60	-295
93	46	-295
110	36	-291
142	34	-274
158	29	-258
169	29	-238
188	29	-222
200	32	-204
207	42	-192
213	47	-183
217	55	-168
223	55	-165
215	68	-154
228	76	-144
217	85	-132
226	85	-127
223	103	-120
227	113	-133
223	121	-124
214	132	-124
215	145	-121
197	165	-128
190	175	-128
184	194	-144
165	204	-169
146	209	-183
134	219	-201
117	218	-214
103	213	-222
96	211	-234
90	210	-242
97	210	-240
107	213	-229
118	214	-220
125	223	-199
138	221	-180
144	215	-162
145	210	-139
148	212	-129
148	214	-117
144	211	-106
142	222	-126
130	218	-128
129	226	-136
119	229	-138
114	236	-147
110	231	-157
107	227	-174
103	227	-181
90	228	-201
82	220	-214
70	217	-216
49	214	-220
36	211	-226
10	208	-208
-9	192	-218
-27	185	-218
-47	177	-198
-56	172	-186
-58	172	-164
-61	177	-145
-61	175	-138
-51	179	-135
-46	189	-134
-42	195	-138
-35	197	-147
-43	205	-160
-35	206	-166
-38	211	-193
-19	204	-202
-18	201	-223
3	198	-240
9	190	-255
28	189	-273
56	194	-273
72	196	-266
90	205	-256
104	203	-254
126	197	-238
143	180	-240
155	171	-247
163	150	-248
169	131	-248
168	119	-259
163	95	-258
148	78	-268
140	75	-284
114	72	-284
90	80	-288
68	81	-298
50	90	-298
37	96	-290
20	102	-289
14	101	-288
1	107	-278
1	103	-280
0	105	-283
-5	100	-282
5	94	-285
6	93	-282
11	93	-284
13	93	-293
17	87	-292
18	86	-296
24	85	-292
24	76	-285
22	72	-286
19	71	-285
21	67	-278
26	67	-285
27	68	-289
26	60	-285
35	60	-290
52	47	-303
81	44	-297
99	39	-292
128	40	-284
149	34	-270
169	29	-246
195	31	-229
203	37	-192
213	45	-171
222	56	-154
217	71	-144
220	79	-128
218	102	-121
219	103	-115
221	105	-108
211	106	-109
204	115	-99
206	113	-85
195	106	-70
190	111	-58
179	113	-56
173	112	-45
167	118	-32
153	118	-22
142	127	-20
133	138	-10
125	162	-21
111	183	-36
101	206	-54
89	215	-70
96	220	-78
89	225	-87
86	221	-86
96	231	-85
91	225	-90
95	221	-88
90	230	-88
102	228	-96
95	233	-105
95	235	-117
84	236	-130
81	239	-139
74	237	-146
72	237	-156
58	237	-163
56	237	-170
51	237	-180
41	236	-183
40	233	-194
32	231	-202
9	231	-186
4	218	-181
-5	227	-166
-13	226	-160
-18	219	-151
-17	215	-145
-12	227	-140
-4	223	-139
0	231	-142
12	230	-144
20	238	-150
27	240	-154
41	238	-157
37	239	-168
59	238	-181
66	234	-198
81	228	-216
87	222	-231
101	206	-236
119	206	-241
129	192	-240
145	183	-237
159	169	-244
164	151	-244
171	139	-244
178	123	-252
179	100	-250
178	89	-256
158	77	-260
149	70	-274
138	62	-276
117	59	-282
101	61	-291
73	68	-293
55	72	-291
33	76	-285
24	80	-278
3	76	-273
-10	81	-272
-13	80	-273
-21	77	-267
-15	77	-265
-21	68	-262
-18	57	-259
-11	55	-264
-8	56	-265
-2	48	-273
3	48	-264
1	39	-276
12	42	-271
22	43	-279
31	46	-285
31	46	-285
35	51	-283
49	44	-283
48	40	-293
45	36	-289
59	38	-284
60	32	-285
62	22	-291
75	29	-284
71	43	-289
83	48	-299
91	59	-296
90	78	-299
113	87	-299
130	88	-286
153	100	-272
175	110	-259
189	117	-237
190	129	-217
203	142	-204
198	148	-194
191	155	-199
187	169	-196
181	175	-210
179	175	-210
167	184	-226
155	183	-232
141	187	-228
137	197	-234
127	198	-235
126	200	-236
113	194	-244
126	195	-241
126	200	-236
125	201	-235
132	203	-225
137	209	-217
143	214	-189
141	217	-177
149	218	-159
148	214	-146
146	218	-138
148	212	-134
148	217	-124
151	215	-130
144	215	-128
144	211	-118
141	210	-108
140	213	-97
130	200	-85
127	192	-60
118	189	-50
119	184	-32
107	168	-32
88	169	-28
90	167	-14
81	148	-14
71	140	-8
74	130	-12
62	131	-3
63	130	-12
60	135	-2
60	130	0
63	126	0
68	120	-1
74	112	0
87	90	-6
106	55	-14
124	22	-27
150	3	-55
164	-4	-84
179	-10	-106
187	-6	-139
181	-12	-162
169	-21	-193
141	-27	-216
118	-20	-235
88	-4	-252
51	3	-268
31	14	-268
9	22	-262
1	30	-264
-8	45	-262
-5	54	-274
1	64	-280
9	81	-286
24	85	-288
39	93	-301
53	101	-307
80	104	-296
99	107	-295
117	102	-291
125	101	-288
146	109	-282
152	96	-273
157	98	-266
168	98	-264
171	103	-261
172	104	-255
186	118	-253
183	127	-241
189	130	-232
190	143	-226
198	151	-213
198	160	-196
189	167	-184
194	176	-168
182	178	-153
178	189	-136
178	198	-120
156	206	-111
137	222	-116
120	223	-124
99	233	-132
83	237	-139
62	236	-150
44	237	-153
26	233	-175
9	229	-181
1	226	-196
-10	215	-205
-7	217	-194
-23	208	-196
-27	210	-199
-32	203	-196
-30	203	-204
-31	209	-205
-30	201	-211
-20	205	-213
-16	187	-225
-7	183	-244
3	180	-256
18	179	-265
34	177	-267
60	183	-276
79	189	-264
104	192	-259
120	203	-237
133	206	-210
143	205	-187
148	210	-168
151	206	-157
150	214	-151
142	218	-147
137	218	-135
132	217	-136
134	217	-120
137	215	-102
125	214	-84
124	202	-73
115	196	-50
109	187	-45
111	167	-31
107	165	-25
96	156	-18
91	140	-6
88	132	-7
84	131	0
75	120	-3
80	111	-6
84	100	2
87	88	0
95	76	0
106	73	-7
117	54	-10
134	48	-28
146	31	-34
168	21	-64
190	6	-90
199	15	-111
205	19	-136
207	23	-165
206	25	-181
199	25	-198
183	25	-231
167	27	-250
141	39	-261
129	48	-280
103	56	-286
87	61	-293
72	73	-295
60	76	-299
56	78	-290
47	85	-299
55	90	-296
63	98	-299
67	103	-304
80	109	-298
93	117	-299
109	114	-292
124	118	-293
137	120	-282
156	131	-267
175	132	-254
184	146	-244
189	148	-220
190	170	-195
181	172	-178
173	185	-172
169	195	-171
165	202	-171
151	213	-178
145	219	-170
125	221	-180
110	227	-186
96	227	-193
81	226	-194
56	228	-196
41	227	-205
31	223	-196
6	215	-202
-4	212	-199
1	210	-208
-4	201	-211
-9	212	-216
0	200	-229
1	203	-232
16	206	-243
33	210	-237
48	211	-236
55	213	-236
62	213	-241
78	206	-243
84	202	-248
93	198	-252
93	196	-256
97	192	-254
91	186	-262
93	185	-266
87	175	-272
86	169	-276
79	164	-271
67	155	-285
57	147	-279
33	144	-273
13	145	-277
-5	136	-265
-35	129	-248
-54	122	-222
-73	117	-196
-81	118	-159
-82	121	-132
-77	120	-114
-63	127	-106
-65	134	-102
-63	150	-111
-72	147	-135
-66	153	-165
-62	146	-192
-48	142	-232
-20	144	-268
17	146	-288
56	176	-283
95	201	-249
132	212	-220
140	211	-202
167	206	-193
179	186	-171
192	175	-171
198	155	-182
203	135	-192
211	113	-198
206	102	-212
200	80	-223
197	72	-236
183	56	-246
175	48	-261
155	39	-266
133	36	-274
130	22	-270
119	15	-277
102	7	-273
90	5	-276
81	7	-278
65	12	-278
55	15	-277
57	27	-289
44	30	-280
33	35	-283
33	51	-280
22	50	-286
18	52	-282
2	56	-279
4	54	-282
0	56	-279
1	55	-276
5	64	-283
9	61	-289
16	52	-284
31	53	-290
47	46	-297
56	48	-292
73	47	-291
94	40	-289
112	38	-289
126	31	-282
140	25	-267
150	19	-266
160	20	-250
179	22	-241
187	23	-232
198	30	-225
200	44	-211
215	45	-207
220	63	-188
218	63	-174
223	71	-160
225	86	-152
226	101	-134
220	118	-133
209	131	-121
210	148	-112
192	161	-109
192	179	-109
172	188	-118
157	203	-115
136	221	-120
117	231	-118
99	235	-115
71	240	-128
58	244	-134
32	243	-142
14	237	-146
6	236	-147
-7	233	-151
-26	222	-159
-26	218	-174
-27	212	-182
-38	195	-205
-40	186	-222
-35	168	-229
-39	155	-235
-31	145	-246
