6608	1101	-1112
7107	11159	10663
7334	11009	9839
7135	11794	9180
6614	11988	8151
6088	12714	7163
4593	12719	5887
2879	12174	3416
3376	11331	2716
3079	11732	3087
-1761	15761	8192
-5946	16347	13504
-10175	13864	17662
-10175	13864	17662
-12363	9492	17991
-14655	4994	14492
-14106	2362	10251
-13109	-1542	8439
-10522	-5076	8398
-5840	-7764	5681
-1835	-7222	1852
2135	-5661	-823
7940	-3072	40
10017	16	2346
10814	3208	4693
10904	6061	6751
10904	6061	6751
3598	12950	5063
-3020	15311	4940
-8514	14776	6710
-14801	9486	10375
-15453	2906	11404
-12400	-1670	13751
-4898	-4837	15727
5813	-7962	10086
9311	-6224	7328
10119	-3624	8522
10055	-2195	10086
4717	-2740	16509
4717	-2740	16509
-4456	-6132	17250
-10310	-5127	10210
-10400	3949	2222
-6795	10081	40
102	10719	-906
4850	7614	-1729
9446	-2720	1975
8276	-6443	8481
4103	-7256	13174
-1915	-9219	11816
-6218	-7948	8851
-10357	-4343	6669
-12568	-394	5846
-12568	-394	5846
-10391	1040	1687
-6525	-942	-823
-2954	-3490	-2512
1430	-5595	-1770
5478	-6694	40
7851	-6266	1605
8388	-6524	4116
8639	-6159	7945
8848	-5433	9057
10173	-4383	7492
11325	-4041	5969
10703	-2018	2428
10703	-2018	2428
8661	-659	205
4286	2007	-1894
-6328	5937	-206
-12029	5923	3375
-15212	1965	7287
-12757	-3537	10045
-3827	-7552	13380
4208	-7363	12063
9574	-5367	8892
11540	-3060	4816
7382	2283	-906
-954	8235	-412
-954	8235	-412
-8920	11321	3705
-16211	5099	9057
-13750	-62	14204
-6925	-3282	17456
-452	-7119	14451
6492	-6661	11733
8397	-5408	10498
9657	-4904	10127
9360	-2981	12310
7524	-1801	14080
4422	-2545	17580
-3584	-2825	19968
-11885	-2152	14245
-11885	-2152	14245
-12810	640	7081
-4579	7147	-1153
4853	2048	-2717
8711	-3351	864
9066	-4937	5763
6601	-7094	9880
2926	-8930	10786
-2340	-9012	13215
-6534	-6309	16015
-11530	-1767	16880
-12593	-1620	15068
-12593	-1620	15068
-12188	-3275	12268
-6417	-8317	8398
-1076	-9650	6051
3392	-9767	4363
5588	-8331	5969
5280	-3609	14615
5972	3555	16797
6191	8711	15274
7479	11425	10292
-857	9697	287
-8137	-898	987
-13402	-2126	8892
-13414	8840	7616
-13414	8840	7616
-9185	10375	2963
-3996	15063	4363
1723	15055	10333
8711	6274	12886
10701	3022	9428
10184	6176	7904
3670	12818	12968
-2548	14824	15603
-8778	14573	15274
-13729	9721	15850
-13125	-133	9633
-4323	-1245	-2223
-4323	-1245	-2223
-565	10224	822
-1837	13538	3581
473	11432	1440
1741	6183	-947
1062	2988	-2264
-3108	6256	-1070
-6986	11662	2963
-10551	15155	9839
-10696	13980	17250
-4240	3982	20709
890	1263	19391
3506	4730	19062
3506	4730	19062
947	11032	18074
-4032	12903	18403
-8565	12265	19350
-11691	10189	18938
-11649	7120	19885
-8172	4832	20668
-3913	1022	20421
-1169	26	19927
100	889	20215
1146	-664	19268
2939	-3907	17168
4631	-7973	12639
-488	-8340	14286
-488	-8340	14286
-5736	-5665	16674
-12318	-109	17086
-13706	10208	14862
-8167	15970	10910
-937	15271	4981
7263	9962	5928
7690	8766	10086
5590	5535	15892
3134	-687	18362
-4436	-8390	14533
-10553	-4830	12886
-14644	988	13174
-14644	988	13174
-15200	7272	12351
-10153	13579	7204
-5586	13461	3416
75	10981	534
6174	7662	1152
8884	5667	3540
10689	3528	5928
10899	495	6545
9831	-4687	3993
6604	-2726	-412
-373	6226	-1235
-12427	14888	12557
-12427	14888	12557
-15186	6728	16427
-14524	-191	11404
-10114	-5404	7904
-1214	-9776	7451
3561	-9409	9469
8479	-5767	9839
10852	-318	9922
8453	8327	10292
2687	11625	15315
-5064	9648	21203
-12982	4013	18527
-14790	4196	14821
-15210	1134	12927
-15210	1134	12927
-12760	-2020	16015
-2911	-6467	15151
3749	-6135	14615
8726	-4024	11816
9415	-5287	5146
-844	-9623	11692
-9830	6955	19762
-10958	11750	7369
-6963	-4859	2264
145	-5620	-865
4103	5619	-1688
4207	12502	8357
4207	12502	8357
10009	2672	12474
10771	-2089	4652
10610	2895	2716
103	6229	-1482
-7330	-589	328
-12848	-2504	7081
-14844	4742	11280
-11309	6678	3334
-5711	1894	-947
43	-267	-2347
6518	1822	-1606
8805	2806	1440
8805	2806	1440
10731	1828	4446
10842	87	5351
9954	-3596	3705
7751	-3379	452
3007	3136	-1976
-4316	14611	5022
-13947	8623	18980
-12883	-1405	15727
-7849	-7295	11651
1546	-7020	13421
4702	-2932	15192
8054	2011	14080
4808	9373	14986
4808	9373	14986
-2758	10126	18856
-8843	2222	19680
-9720	-4704	11486
-6782	-1647	-247
-4776	-4121	40
-1432	-10118	8192
4214	-9260	8975
8446	-5429	2016
3095	-3453	-741
-3577	-3885	287
-10376	-5157	5598
-12649	1706	18156
-12649	1706	18156
-6972	13617	16303
-940	15678	7739
4192	12050	4569
4427	12353	9633
3030	10308	15933
3421	2659	18156
3928	-7687	13421
-284	-9635	9798
-4619	-9304	10045
-12436	-2366	15686
-14191	5785	16221
-12454	12729	10910
-12454	12729	10910
-8634	11747	3952
-2059	4426	-2223
2944	1702	-2264
6327	3143	-1153
7585	5979	1070
6936	9954	7451
4383	12179	11816
-1215	14829	14327
-9051	14854	10539
-13042	10420	8439
-14421	4343	6998
-10684	-3094	3581
-570	-8274	2881
-570	-8274	2881
3256	-8911	2264
4720	-7730	3252
5025	-7438	2758
3379	-8528	3581
-1886	-8977	3993
-7545	-6223	4981
-12177	2626	4116
-9245	9533	2264
-3656	12942	2140
2280	12766	3005
7282	10223	6051
6582	11309	7040
6582	11309	7040
2219	13946	10004
-7044	13121	18815
-10501	7316	20174
-12179	4728	19309
-12428	5897	18403
-10184	11988	17827
-6826	15117	15645
-4195	16039	13380
98	15204	11939
1679	14801	11816
2216	14066	11445
543	14659	13133
543	14659	13133
-5113	13975	17744
-9590	9641	20379
-10189	2034	19432
-9079	-3445	17086
-3148	-7327	14615
381	-7435	14286
-111	-6946	15398
827	567	17662
7195	-1871	13957
9199	-5645	8151
4782	-8769	5393
-7608	-7890	7863
-13899	-628	12927
-13899	-628	12927
-14546	9004	15315
-4901	16549	12515
2624	14398	10127
6568	10334	10580
7826	5760	12680
4401	3419	17621
-1313	3954	21079
-7120	5748	21244
-11361	8029	18856
-14451	8407	10992
-13133	5799	5310
-9637	272	1399
-9637	272	1399
-829	-6517	493
5824	-5506	287
9335	-1294	905
9952	4179	4528
7883	6432	12186
4349	6131	17333
476	4353	20132
-5792	-1390	20256
-9342	-4490	15274
-12012	-2234	9345
-15333	2959	10127
-13895	9378	14492
-13895	9378	14492
-10051	14827	9345
-4794	11871	2016
-1428	3879	-2347
3273	-5901	-576
7476	-6464	1564
9368	-3821	2469
10461	1699	2428
8728	6204	2305
1472	11479	3005
-6950	15513	6834
-13192	12247	11404
-14893	6652	8686
-14011	187	6422
-14011	187	6422
-8505	-5062	15274
-3111	837	19927
2468	3740	18856
6148	2783	16221
9679	-3923	9757
8343	-6994	6504
3658	-9444	4569
-3779	-9443	8234
-13803	3224	16550
-13724	9636	10416
-10552	5289	2511
-3582	984	-2017
-3582	984	-2017
652	5911	-2182
3597	12209	3869
6214	10506	11527
10207	-118	11280
11152	-2627	6669
9313	-4354	3993
4870	-8317	4734
-7188	-7141	14327
-12610	-1871	14739
-15458	4907	11404
-11785	14334	12392
-5469	16400	13792
-5469	16400	13792
1005	12995	15768
3223	8574	16880
9308	3964	12763
9836	2801	10827
11131	1445	8357
11208	1643	3952
9198	5101	2264
6217	9726	2799
-560	14716	10045
-12241	7873	20091
-14876	3092	14780
-13506	956	7245
-8423	935	1111
-8423	935	1111
606	-344	-2512
1459	-9184	2593
7268	-3079	13339
9930	4617	11116
11967	3000	4857
9464	5236	2222
3999	11228	3458
-8011	14304	16674
-12058	6865	19268
-12952	423	14780
-9915	-5324	7040
-4535	-9025	5557
-4535	-9025	5557
949	-9679	8769
6233	-3506	13874
11092	5601	8933
10009	5453	4199
8110	1886	-206
-186	-2653	-1318
-11421	-5151	7204
-15254	4774	11980
-12709	11349	7781
-4851	15010	4857
1224	14651	9428
6062	8355	13586
6062	8355	13586
10312	-462	10704
10184	-4838	4734
5937	-6713	1769
-70	-6424	740
-9942	2033	1646
-15731	7400	7822
-14705	1088	9016
-9261	816	1769
-2783	11280	81
2105	10179	-206
6694	5127	-206
8907	-419	740
10396	-3025	6051
10396	-3025	6051
10103	-3528	8522
8340	-6162	8975
3551	-7872	1687
-2027	2291	-2429
-9262	12858	4816
-14766	12705	13915
-12485	-86	16427
-6758	-4067	16550
713	-2673	17662
7931	3890	14451
7696	9686	10951
3748	13786	8604
3748	13786	8604
-3258	15708	7904
-12748	13060	10375
-15139	10751	13915
-12666	11733	15645
-6763	16072	11733
5800	761	-1935
8853	-6020	4528
11022	-67	8686
9419	7608	4775
1746	10647	1317
-5951	5829	-535
-12683	-1693	4734
-13220	8271	16262
-13220	8271	16262
-7635	15927	11980
-838	15742	9922
6343	6867	14574
6875	-1327	14327
1751	-4970	16303
-5002	-4115	18115
-13011	-624	14780
-15387	4876	13586
-13741	9887	15974
-7343	11566	17868
5173	-640	16262
8329	-6391	9551
8329	-6391	9551
8475	-6916	6669
8598	-4666	10127
4061	-2662	16674
-1614	-106	20503
-2866	1443	21162
-7755	5228	21532
-11073	7411	20174
-13093	6988	18115
-12099	549	17827
-6351	-7319	13874
252	-10213	8192
4316	-9328	8604
4316	-9328	8604
2979	-2487	17374
-491	7424	20503
-5156	14251	17168
-8876	14839	15686
-12342	9103	18733
-10939	1449	19103
-8657	-2693	18074
-2350	-1951	19268
481	3348	19844
1668	6481	19515
45	7399	19844
-2694	9067	20626
-4994	11792	19103
-4994	11792	19103
-4986	14374	16015
-4327	13671	4569
-8251	-351	328
-13597	-3005	10086
-14333	830	14656
-9110	-4806	15109
-2876	-9644	9222
5021	-6062	-412
7133	3108	-823
9099	7759	6916
7567	9567	8728
2269	13830	11198
-10063	13601	17003
-13497	5491	17744
-13159	-1212	11816
-8597	-6771	6422
-169	-10099	5681
4229	-9279	7040
6944	-8336	7245
6487	-7628	4857
8105	-5413	1317
4776	-1488	-1729
462	5100	-2182
-8234	13412	4981
-8234	13412	4981
-11618	13417	8933
-12533	14363	13339
-9617	14159	16139
102	15590	12227
5000	11837	4446
8510	2081	864
7065	-7779	6381
2924	-7913	12186
-1232	-4903	17456
-6016	-1754	20091
-12186	4439	18774
-12769	3150	18238
-11279	123	18362
-11279	123	18362
-4141	-5592	16550
1500	2606	18650
5919	12151	12186
8890	6878	8357
4258	-4852	15645
2348	-9725	10086
-4773	-8946	7040
-11609	-4131	9922
-14691	7690	14903
-10592	13997	13421
-4197	16873	10375
4219	12420	11569
4219	12420	11569
7881	5240	13751
6816	-825	14986
3242	-4544	16550
-8231	-53	20791
-13021	4044	17909
-14441	8629	13257
-11894	14111	10910
-3035	14493	15356
2809	7194	17415
6489	822	15398
7652	-3817	13215
7390	-3962	12680
7851	-4762	12474
7851	-4762	12474
8265	-4646	11280
9659	-4136	8851
11061	-1619	7492
10221	4144	9304
-1391	14025	16715
-11788	12563	16797
-13098	12727	15603
-15200	5936	16262
-10277	-1943	17744
-3006	-4293	17662
3753	-2412	17003
6815	1484	15892
6815	1484	15892
3247	9093	17374
-1495	10484	19515
-6814	9907	20791
-12948	6882	19103
-13880	3841	17580
-12039	1026	17827
-8792	-807	18485
-1297	-2478	18733
2601	-2725	17374
5022	-977	17291
5912	4420	16839
4925	8364	16509
4925	8364	16509
5737	10979	13339
7309	10486	6710
3351	-1386	-906
-2726	-9391	4857
-11598	-3877	13668
-14797	2248	12763
-11226	3745	3458
-5122	6439	-1112
-557	12704	2140
6835	9581	10375
9776	5214	10210
10882	2899	6134
10633	-877	3458
10633	-877	3458
5478	-8295	5640
-1414	-10071	10539
-6778	-7567	14080
-12449	-1813	10086
-13475	5206	7287
-12675	13430	9263
-7327	14075	17250
3006	4613	18156
6756	5379	16345
8357	7787	12557
7518	10239	9798
2157	12705	13915
2157	12705	13915
-4182	12438	19515
-12303	6972	20379
-13096	-910	13998
-9419	-6508	8645
-2450	-8899	4157
3168	-8682	2469
7339	-6929	7904
6342	-4203	13709
5532	1232	17127
-1836	14600	15686
-6443	16320	13092
-11016	15179	12845
-11016	15179	12845
-13545	12503	15686
-12549	2418	18403
-7407	-5459	15974
-1267	-9645	10786
2082	-7153	13215
5289	11202	14821
2453	12953	4816
2921	10236	1152
8328	5251	2305
2939	-9325	8357
-10123	5342	19021
-4044	15848	8933
-13107	4590	4693
-13107	4590	4693
-9398	1853	1440
-9735	6192	1975
-6412	14728	5928
-3635	15685	13792
789	8197	18733
4135	1706	18156
5964	-2654	15151
3964	-6148	15068
220	-6866	15315
-4734	-6894	15686
-9949	-5404	11569
-11618	-2645	8398
-11618	-2645	8398
-14170	659	9016
-8161	-2253	2181
-3515	1353	-2347
4794	4995	-2759
5949	8818	1481
3010	1518	-2223
2399	-4401	-1235
496	-5249	-659
-4510	-2565	-576
-9381	1155	1275
-11934	5223	3458
-12841	8249	5681
-10246	14893	8398
-10246	14893	8398
-5431	16362	9139
-352	15727	9839
4901	13154	9057
7897	8746	6051
7963	8401	3375
4457	10576	3540
-5459	13804	3993
-9896	12576	5887
-14207	11318	9180
-14973	10806	13957
-9360	10685	19309
-3539	12258	18527
-3539	12258	18527
1824	11542	16427
6476	9183	13421
7788	8472	10827
8450	8995	8728
9750	5638	6257
10477	-1282	5681
7686	-6261	10004
-2812	-7837	15480
-11444	-2053	17662
-14202	8606	9469
-8062	8600	1852
-771	5883	-2594
-771	5883	-2594
7905	-1452	40
10430	-682	4528
10591	3034	6093
9114	6556	5022
2434	12168	3910
-5221	15727	9839
-11263	12911	16880
-14414	5216	16756
-14294	4008	9345
-12688	5044	4569
-8890	1161	781
-2973	-7297	1440
1309	-9147	2799
1309	-9147	2799
5263	-7940	2881
7811	-5584	1687
9230	-635	1646
10421	201	2840
10452	616	5640
10716	-2254	8192
9812	-5445	8728
7304	-8487	7204
2865	-8363	1605
-3455	4485	-1112
-10770	12341	5640
-14514	12312	12021
-14514	12312	12021
-14297	6969	17744
-6628	-3288	17950
-319	-4511	17250
4772	-1416	16715
8504	7423	12392
7377	10099	8769
3770	12635	7781
-2158	15869	12186
-10749	8723	20050
-12528	1189	18197
-12679	-2962	14245
-9080	-6424	10416
-2201	-8020	2181
-2201	-8020	2181
-601	-7139	740
-5399	-7328	2840
-10982	-5352	8192
-13910	-2171	12310
-14002	596	15727
-11755	3100	18485
-4884	7130	20462
269	10443	17456
3391	12316	13874
3583	13339	10333
1925	14306	8316
-880	15761	8192
-880	15761	8192
-5045	16189	9757
-10333	13474	16303
-12694	9994	17868
-13136	9317	17291
-12218	13011	14286
-5661	12397	2552
-2049	1782	-3129
272	-7507	-494
5785	-7761	1769
4449	-711	-2429
-429	8820	-865
-2738	15035	4734
-2738	15035	4734
-4946	15767	10580
-7968	15550	12268
-10200	13029	17003
-10363	-2209	17333
-12070	-3910	12968
-13662	362	7904
-13678	5189	5104
-12719	14202	10622
-10683	11822	17703
-4420	4870	20091
858	-521	17703
6538	3200	15109
7555	7656	12886
7555	7656	12886
6904	10276	10004
2348	13778	10910
-1085	15525	12392
-3376	15925	11445
-5723	15916	9304
-7674	14874	5681
-8189	13856	5063
-8379	13232	3993
-8198	13162	3869
-7639	13646	3910
-6983	13934	4446
-5829	14416	3952
-5829	14416	3952
-3412	13596	2593
-922	12280	1646
1137	9647	-247
3063	4885	-2059
5349	-8413	4734
-436	-5238	16139
1136	8182	18650
-3029	16302	9592
-5049	15959	8234
-7034	16549	12515
-12002	12714	16056
-14506	6508	16262
-14506	6508	16262
-13725	9791	15974
-9941	13899	13668
-867	15286	5063
4885	10724	2264
5958	10516	7657
5845	7046	13462
2149	-3019	17333
-3685	-6936	15974
-9687	-5363	15192
-14256	481	14574
-14770	9427	12927
-11588	13616	12639
-7835	15028	13586
-7835	15028	13586
-249	12275	16262
4757	8119	14903
7068	3933	14162
7472	-1033	13586
7249	-8153	7204
5067	-8377	2840
25	-7646	1358
-4842	-6038	1028
-8215	-5284	2552
-7441	-3394	1152
-6829	3294	-1112
-11203	15433	11363
-11203	15433	11363
-15125	5893	16550
-14205	-606	12268
-12539	903	4857
-7888	928	-494
-3592	-1869	-2512
1269	-6260	-1235
7136	-7628	4857
9427	-4136	8851
9572	277	10580
9062	3357	11527
4962	10036	13915
948	13849	13915
-3850	14832	14862
-3850	14832	14862
-9238	14851	16015
-14954	8148	15850
-15488	2714	13751
-13542	-2391	10580
-7364	-7633	6134
-2082	-9885	5022
2714	-9877	7945
6946	-6803	10169
10302	-1344	9263
10840	-552	6545
10761	-1469	4652
7295	-5920	1934
7295	-5920	1934
3068	-9343	4075
-3704	-9670	10910
-9981	-3006	16880
-14671	7901	14492
-14140	11690	11486
-10735	14507	11774
-7177	13672	16345
113	7826	18527
3863	4044	17127
4324	1932	17044
2021	-1714	17168
-115	-3047	17703
-115	-3047	17703
-4533	-2149	19227
-9626	822	19844
-14079	6520	16592
-14039	9438	15603
-12210	12175	15192
-5208	16305	12227
-1553	15643	12515
529	12528	15562
5035	9457	12310
7428	8200	12474
8058	8676	9592
7272	10025	6792
5907	10440	3581
5907	10440	3581
-3196	13298	3046
-9784	13913	6422
-14154	11636	9880
-15868	5781	14368
-14141	3093	16880
-12024	1820	19309
-12369	3188	19227
-4891	3370	20750
-5263	4258	20915
-1352	2405	19638
2412	-1108	17621
6085	-3251	14492
6085	-3251	14492
7247	-1978	13627
7041	-1271	14368
3178	1718	17703
438	4226	19432
-1483	6827	19844
-4337	8460	20174
-7872	7155	20338
-8673	3265	20174
-7443	-2475	17703
-4630	-9374	10704
-3317	-9239	6216
-2269	-9127	3952
-2900	-8138	2840
-2900	-8138	2840
-7749	-5352	2963
-11747	-764	4075
-15576	5045	7451
-16006	8256	12515
-9495	8781	19062
-1502	8064	18527
4841	7900	15274
9244	1817	11445
6833	321	13957
2826	1901	18444
-3729	3064	20379
-12360	3406	18856
-12360	3406	18856
-14525	3985	14451
-14970	7922	11733
-12006	12929	7822
-9228	14673	6669
-6821	15790	9139
-4463	15921	12474
-2329	15401	14327
-1765	15194	12927
-2637	15806	12104
-4394	16141	10539
-7729	15813	8481
-10394	14754	9469
-10394	14754	9469
-13590	13534	11404
-15337	7968	15645
-13336	2792	17580
-9489	80	18650
-4914	-612	19556
2877	1575	17703
5776	1885	16262
5421	2973	16221
-401	4048	19762
-5388	4290	20832
-9585	4797	20215
-12738	6768	17950
-14198	5865	17703
-14198	5865	17703
-11100	5618	19227
-6967	4910	20050
-1960	1436	19556
3866	-1175	16468
4320	1072	16509
2106	4668	18197
-3736	10136	19432
-9387	11498	19062
-12843	10533	17168
-14696	7435	17168
-11847	840	18115
-8031	451	19638
-8031	451	19638
-4663	1118	19638
-1407	3972	20132
-1119	5247	19803
-1590	6034	19680
-3786	5361	20956
-6519	2402	20668
-6185	1150	20338
-5379	-514	19309
-4414	-3546	18362
-3921	-6612	15398
-5742	-8345	13215
-8944	-6777	12927
-8944	-6777	12927
-12970	2850	17374
-10658	12210	15645
-7032	15953	9510
-3039	16050	7163
2426	12563	12351
5576	5244	14821
5558	-3293	14780
-2061	-8458	14162
-9751	-5090	15645
-13611	1725	15645
-14977	7134	13421
-12821	13323	11816
-9688	14536	14286
-9688	14536	14286
-4973	12061	17703
-267	6552	18856
7279	-1853	13792
8307	-4558	11239
4221	-7657	12021
-7737	-1618	19268
-14302	4845	16550
-14717	10057	11157
-11019	14981	12804
1957	8522	16592
6856	1254	14368
7117	-4574	11939
7117	-4574	11939
5710	-7372	9922
4530	-9245	7492
4375	-9437	6175
4022	-9158	5351
2552	-9079	3169
2653	-8073	1893
3494	-7678	658
5194	-6163	81
8475	-2395	617
9751	2644	3169
6946	8942	9222
-8725	14387	15562
-11792	13939	13627
-11792	13939	13627
-15392	9640	13051
-15552	2831	15439
-7883	-5087	15398
-1109	-6755	14615
4950	-4342	13998
7818	-318	13586
4429	6581	16139
-289	7228	19432
-5690	6929	20668
-11953	6571	19227
-14304	5812	17415
-14529	2971	16468
-14529	2971	16468
-11838	1533	17991
-4825	-810	19515
373	-2104	17909
3855	-1877	16797
5364	2349	15933
5358	5535	15892
4292	8061	15892
2175	11093	16056
-176	13326	16015
-1849	13602	16221
-4598	13837	17250
-6708	12590	17991
-6708	12590	17991
-9060	9536	19803
-9720	5736	20132
-10745	2034	19432
-11091	-1258	17580
-11395	-1729	16303
-12516	-2681	13957
-14008	-851	11445
-15583	7514	10539
-12530	13770	11651
-6382	15060	5393
572	7749	-1770
7863	-4192	1481
11025	-2212	5022
11025	-2212	5022
10372	1819	3087
2996	8247	-82
-7921	14813	6916
-15021	11062	13792
-15389	5445	10951
-9805	12752	5022
-2991	12797	1605
2960	7892	-1770
9021	-650	1564
10473	461	4528
9812	4516	6381
8517	7528	7739
8517	7528	7739
6293	9428	11363
4343	9865	14286
2109	9728	16674
-714	9248	18485
-6028	7795	20709
-8198	5073	20421
-8883	3694	20174
-9914	809	19515
-11135	-646	17539
-12408	-1936	14903
-13678	-1747	12021
-14534	690	8398
-13267	433	5681
-13267	433	5681
-11792	-1180	2840
-6269	-6972	2181
-3081	-9724	4075
392	-9997	7287
3753	-8646	10251
9345	-4093	9345
11120	-2120	6834
10992	48	3828
9851	1489	1275
5819	3281	-1441
2032	3816	-2429
-1930	4463	-2017
-1930	4463	-2017
-7808	8791	1070
-12059	9459	3952
-15475	7809	7451
-16326	5590	10704
-14744	7167	16221
-11464	8145	18444
-5471	6561	20215
3447	3236	17662
8238	1793	13668
10677	3559	8975
8940	8415	5804
924	9988	575
-6795	6923	-288
-6795	6923	-288
-13382	4864	2799
-15489	6495	7822
-9160	9107	2016
-3022	-1077	-2347
3536	-7590	617
10051	-4106	5351
10090	1756	8234
8445	6797	10786
7589	10548	8357
309	9017	-41
-6465	-2676	-659
-12665	-4643	9469
-12665	-4643	9469
-15122	6558	11569
-11853	8012	3334
-6388	7591	-1070
-1855	11942	575
3048	11955	12680
7247	3961	13792
10563	-203	9510
10967	-1968	4528
5520	-5739	-206
-696	-5859	-865
-7120	-1226	-288
-15216	4893	6093
-15216	4893	6093
-14582	1786	9180
-8831	-522	1481
-4621	5035	-2017
4123	4280	-2759
7318	502	-1523
9004	203	493
9029	2537	1275
7352	8291	3293
5751	10191	4569
5205	11260	4940
3833	12202	5928
3469	12729	7245
2890	13299	9592
2890	13299	9592
1653	13147	11898
1142	13199	13751
643	13794	13874
-810	14965	14286
-2798	14907	14492
-3965	15821	12968
-6649	15713	12639
-8707	15797	11527
-10473	14808	11074
-11404	14294	10869
-11971	14016	10910
-11912	13909	9798
-11912	13909	9798
-10906	14534	7739
-9129	14595	6504
-7940	14423	5557
-6856	14939	5516
-6808	14920	5146
-7143	14167	4940
-7934	13603	4199
-8650	12394	3581
-9227	10524	2469
-8864	7836	534
-6105	5115	-1318
-4943	4809	-1688
-2155	6754	-2264
-2155	6754	-2264
1657	7190	-2223
7195	437	-1359
7116	-3898	740
4088	-6901	740
-511	-6727	-659
-9532	2425	658
-13876	8897	5310
-14148	12368	10498
-10479	10397	18774
-4390	5646	19638
1038	4402	18568
3425	5855	17127
3425	5855	17127
3316	10497	15398
-434	12541	15892
-5484	12111	18238
-7799	10780	19309
-13089	7059	18238
-13715	3994	17374
-11655	2154	18527
-5005	-316	19350
-1018	-1896	18527
-1302	185	19227
-2508	5179	20215
-6157	11671	18444
-6157	11671	18444
-7938	13097	17374
-7865	13910	16345
-2840	14425	14986
758	12566	14986
4932	9152	14821
6333	3383	15068
2948	-5950	15109
-3752	-7227	15686
-11680	-3599	13627
-15276	4159	13051
-8930	15647	9139
-284	13314	1564
6475	5386	-618
6475	5386	-618
10161	3402	2881
8874	7126	4487
3188	13350	7781
-4619	14934	14903
-12544	2912	18238
-14468	1688	13874
-14898	7236	10580
-9462	10326	2428
-3586	1544	-3129
1340	-5003	-2182
6213	-6459	287
10100	319	2181
10100	319	2181
9863	4429	6422
8111	6626	10375
5318	7241	14533
1321	3446	18815
-3014	-1510	19597
-6693	-5780	16303
-9905	-2525	3046
-15204	6021	6792
-16869	5959	11157
-14437	945	14245
-8292	-4187	15892
-2172	-6953	13792
-2172	-6953	13792
3056	-7203	12680
8014	-3485	11898
10514	22	9180
11142	-193	5640
9792	-1137	1769
4227	-7266	40
-3346	-10222	6051
-10919	-3652	14903
-14398	4833	15439
-14748	1258	10210
-11269	-3966	5598
-7673	-7993	7822
-709	-9269	11280
-709	-9269	11280
3555	-7957	11157
6421	-7545	10539
7876	-7714	6998
7943	-8187	4404
6166	-8063	3252
4010	-9310	3993
452	-10628	5393
-5088	-9088	9922
-9896	-5428	14574
-12957	1668	17168
-11331	12275	16262
-7620	14907	14492
-7620	14907	14492
-4222	15038	14162
-571	12995	15768
1004	6446	18280
703	1439	18527
-432	-1228	18527
-5464	-1114	19680
-9116	3032	19680
-11938	7392	18238
-13203	10336	15562
-12024	13543	12763
-9431	14529	12680
-5873	15504	13586
-2823	13286	16056
-2823	13286	16056
968	5699	18362
3522	1139	16880
6688	-755	14327
9301	3645	12063
8888	7580	9592
5252	11973	7287
-3871	15508	7328
-13286	12817	10086
-16076	9476	14245
-12628	5074	18074
-2819	2259	19103
3436	826	17250
3436	826	17250
5271	1115	15439
4838	2998	16880
-1016	5525	19762
-6178	5858	20544
-9882	6273	19680
-13126	6123	18074
-13793	1845	16303
-10851	193	17703
-6741	784	19638
123	586	18815
3595	169	17044
5040	1037	16056
5452	4963	15892
5452	4963	15892
4633	11070	13051
3515	13964	9057
2433	11851	2428
-1308	3934	-2306
-10613	-6752	9139
-14770	1437	14327
-14730	4120	15192
-13645	-276	14862
-9197	-5835	11816
-5123	-6706	3375
-5648	3959	-1647
-7245	15872	11939
-7245	15872	11939
-4083	8207	19309
-460	1449	19103
4266	1308	16756
6974	5009	14574
9130	7750	10004
7545	9609	6340
145	13943	5804
-8164	14615	15768
-12739	2900	17909
-13158	-1342	10580
-8459	2237	-371
-4567	-5	-3006
-4567	-5	-3006
587	-6335	-865
6069	-8602	6834
6668	-6645	10251
5955	-7240	10910
5179	-9718	7245
-1271	2688	-3129
-7766	15112	6463
-13048	11663	16303
-11232	-1160	17333
-6706	-3731	16303
-1483	-1482	18444
1534	3135	18156
5612	8488	14574
5612	8488	14574
4185	12443	11692
-247	14647	12021
-7282	13147	17127
-12548	1054	16674
-13133	-2449	12351
-10974	-5662	11198
-1797	-6043	14862
3228	-5260	14451
5804	-4763	13257
4855	-5823	12927
-2679	-6229	15933
-8143	-3779	17086
-8143	-3779	17086
-11609	367	17086
-12366	9480	16880
-8323	13957	13462
-3111	16342	8769
1492	13952	4281
4763	10817	2511
3784	12033	4734
2986	13389	10086
731	11279	15768
-3217	2442	19844
-4397	-2161	18115
-8566	-1963	18156
-8566	-1963	18156
-12273	3620	17415
-12623	10379	14492
-9820	12375	6093
-7433	5524	-906
-1208	-6549	-206
1659	-8917	658
6123	-6341	-371
6296	6018	-1070
2962	12635	3334
-2200	14568	5310
-6777	15017	6463
-11877	9261	3910
-12652	6500	2881
-12652	6500	2881
-13797	5478	4075
-14558	8399	7287
-12143	13019	8316
-8422	15298	6175
-3761	15023	3622
1047	13183	1893
3322	11723	1728
3433	10374	864
4129	8300	-576
3345	5793	-2306
1316	4837	-2841
-460	4173	-3088
-460	4173	-3088
-1870	1968	-3417
-6406	502	-1523
-11551	-1198	3005
-10385	-5612	6504
-7506	-7674	6175
-6209	-7627	4075
-5955	-7958	3828
-5658	-9462	5516
-7269	-8122	9469
-9176	-7096	10127
-11577	-4530	9304
-12465	-511	4940
-13841	4434	5146
-13841	4434	5146
-12759	7969	4404
-10079	10719	3540
-4356	13820	2511
-654	13631	3046
2529	12967	2799
5116	10300	2552
4959	9388	1728
3517	9790	534
1112	10758	617
-6775	14077	4446
-11228	15544	9880
-13638	10611	17333
-13638	10611	17333
-10843	1331	18980
-2956	-5409	16509
-508	-554	18568
-159	5036	19432
-3695	9484	19515
-5897	11629	18733
-7524	13057	17415
-7346	14681	15603
-5883	15572	13957
-3154	15806	12886
-961	15443	11939
2330	13233	12104
2330	13233	12104
7139	5476	13215
6550	-1880	13380
2162	-6176	15439
-7871	-5331	15892
-14130	506	13668
-14819	8259	10704
-10031	14800	8151
2662	13758	5310
7524	8606	5022
9124	5388	8028
4788	7504	15192
-1707	9669	19227
-8581	9125	19638
-8581	9125	19638
-13913	7495	18280
-14954	6621	10086
-12651	7212	3910
-7754	1854	-906
-2275	-4213	-1770
4747	-8356	2428
9139	-5989	3910
11017	-1532	5351
8281	4858	10869
5133	6403	14903
2996	2075	17827
2563	-7740	13915
2563	-7740	13915
-3296	-957	-1688
-12169	11440	5146
-16343	10491	11445
-14966	-550	12310
-10851	-5645	11816
-5331	-7447	13957
21	-5446	16303
6568	-1758	13792
10311	661	10333
11416	288	5146
9071	3069	1317
947	11603	1852
-6889	15834	8069
-6889	15834	8069
-13015	12343	10622
-15758	1535	8851
-11408	-5517	11733
-5478	-3300	17621
-142	-180	18527
9021	-2116	12351
10669	-2414	6792
10491	294	2305
5875	640	-1029
2180	-5769	-371
-6711	-9432	10910
-10862	6537	18774
-10862	6537	18774
-14147	11480	10333
-15665	8978	11774
-15716	6042	15274
-14211	-210	13915
-15722	2836	9716
-15540	7792	12063
-13755	10592	14615
-10861	14137	13668
-7362	16299	10622
-1705	15771	7204
4711	11954	5351
4711	11954	5351
6220	9477	8234
5722	6321	14451
-2112	-795	19597
-9168	11	19844
-12890	3459	17580
-14449	7839	13627
-11499	9391	4363
-7600	2627	-1112
-3333	-4624	-1153
1532	-7949	-41
5624	-6140	205
7180	-3619	-82
7869	562	-412
7869	562	-412
7111	6807	1687
5373	10347	4116
3589	12020	4404
245	13736	4404
-5183	15533	6422
-9807	15480	8481
-10907	14586	9592
-13764	12341	10086
-15568	9047	10580
-16170	7263	11774
-16045	7628	14039
-11997	13020	15645
-11997	13020	15645
-6705	16175	12557
-1650	15805	9222
3830	13188	5846
8853	6123	3169
10282	19	6545
8822	-3592	10004
5581	-9359	5557
1363	-4544	-2017
-3490	6658	-1482
-10011	12144	3252
-13749	11216	7575
-16090	8658	9757
-16090	8658	9757
-16846	8787	12557
-15578	7038	14986
-12833	6394	18774
-9180	5959	20050
-3946	6097	20544
3124	5318	17580
7773	3973	13339
10537	4871	8851
7619	9142	6916
-2342	15927	11198
-10290	15432	12927
-15482	10044	12392
-13862	-795	15151
-13862	-795	15151
-8065	-1630	18156
-2070	-313	19103
3382	1031	17333
9270	2000	11404
11036	3091	7451
9732	4407	3952
7798	5116	781
2150	3229	-2512
-1692	1780	-2882
-2974	-1521	-2429
-4326	-10036	5763
-7648	-4601	16756
-7648	-4601	16756
-6504	2828	20132
-8099	4571	20544
-9423	-3736	16797
-11808	-4212	10786
-13621	-54	7451
-15891	7291	10622
-14194	11818	12186
-10015	14838	12021
-4936	16647	10704
3878	12696	6545
7666	8618	6134
8363	6835	8645
6532	7458	12845
6532	7458	12845
-2524	9396	18774
-8591	9084	20462
-13207	6273	18115
-15437	8148	11404
-12594	9516	6093
-8398	6504	287
-3227	-1368	-2635
3045	-7754	1028
7509	-6703	2346
9304	-2918	1934
9749	1082	1399
5629	5867	-329
5629	5867	-329
995	7771	-865
-5412	7681	-576
-15964	6816	6710
-15315	3664	10333
-15497	6356	8892
-14292	9589	5969
-11822	11425	5063
-10714	12431	5351
-10746	13619	6381
-11130	13383	8481
-12201	13470	8439
-13532	12527	9016
-13532	12527	9016
-14423	11094	9263
-15926	9071	12021
-15809	6382	11651
-14978	3919	7287
-9416	-243	658
1015	-5821	-1441
5330	-6755	493
8628	-5309	3458
8145	-5701	8892
3701	-7747	12310
-1651	-9618	11198
-7819	-6549	4240
-14141	8633	5434
-14141	8633	5434
-14799	12204	13257
-11921	9379	18156
-2150	10698	18074
4543	10658	14451
6399	10506	11527
3975	12584	10375
-5667	14801	15480
-11979	12621	16592
-14976	7167	16221
-13418	1679	16962
-4977	162	19103
970	1999	18197
970	1999	18197
3863	5702	17333
4249	10861	13998
3198	13180	11816
2215	14064	10127
1582	14757	9222
3778	12774	6710
6678	11031	5516
8282	7593	4693
9952	-633	6628
6701	-6935	9180
-9	-9435	11939
-6061	-8452	12886
-6061	-8452	12886
-14437	-213	10498
-13771	5477	6422
-9829	9054	2511
-4447	11144	905
2931	11748	1605
6904	9063	3087
9409	5543	4693
5084	-730	14986
-1051	1048	19515
-6560	5028	20956
-14270	5710	16592
-15111	4103	10910
-15111	4103	10910
-13817	4321	5310
-6826	1488	-1606
-1206	-2230	-2923
3553	-5685	-1482
6975	-5378	987
10046	-3022	5022
10152	-1940	7822
9390	-1783	10251
7555	-3859	11939
4659	-9335	7781
238	-7562	246
-4997	4571	-1688
-4997	4571	-1688
-13058	13327	8439
-16090	9630	13257
-14729	3598	15727
-11637	-2215	15727
-3310	-5682	16056
1630	-2923	16550
5169	157	15933
10379	1800	10045
10055	4795	6340
8390	5994	1934
3794	11203	2799
-6702	15475	12639
-12628	12069	16962
-12628	12069	16962
-15020	8726	15356
-15823	4961	13792
-14254	-168	15192
-9986	-3708	16427
-5301	-4200	17127
365	-950	18485
1770	48	17950
2317	-408	17539
1198	-1484	17909
-4013	-321	19844
-6845	1740	20174
-10006	3809	19762
-10006	3809	19762
-11574	5764	18980
-11729	11115	16962
-8780	15063	13257
-5443	16606	8645
-1075	15143	5063
904	14222	4981
1164	14439	7739
1754	13366	11527
2491	5145	18197
772	-913	18691
-3221	-2463	18815
-9120	1966	19844
-9120	1966	19844
-11973	6311	19103
-13585	9743	16756
-13297	11595	12268
-9804	11784	4157
-6560	7041	-947
-3000	455	-3088
975	-2456	-2594
5895	1403	-1812
6857	5220	-741
5943	9638	2840
154	10979	781
-4689	9474	370
-10623	8243	2511
-10623	8243	2511
-13802	3672	4363
-11264	-5234	8316
-7281	-7827	10827
-1211	-9846	6545
-2842	-9351	9263
-4713	-8968	10580
-7314	-7724	11651
-10814	-4787	12598
-14795	864	10663
-14415	2895	7945
-12428	4575	3828
-9746	5044	905
-9746	5044	905
-2775	5447	-2635
980	5793	-2306
4921	4501	-1812
7281	-905	-618
6182	-4266	-494
2439	-5635	-947
-2933	-1541	-2017
-10007	9716	2222
-11726	13381	6381
-10343	14428	8728
-4799	16454	6504
607	13910	3005
4014	10133	1111
4014	10133	1111
5824	7823	205
3311	7603	-741
-1782	10783	493
-8467	14726	6175
-13368	12443	16139
-8105	-3919	16839
-4465	-3854	17456
-2265	2407	19391
-271	9953	17909
-1185	13082	16509
-2946	13348	16139
-4354	15120	15398
-4354	15120	15398
-5812	15615	12886
-5979	15874	11692
-5566	16828	10127
-4870	15699	6545
-2976	15063	4363
-464	12704	2140
2433	8955	-906
6159	660	-1441
4304	-7197	2511
-2781	-9345	11651
-11816	-1165	17827
-14189	8000	11898
-14189	8000	11898
-12602	7460	4487
-7665	1656	-947
1226	772	-3706
5505	5426	-659
7257	9230	5310
6754	7524	11898
5265	1273	16303
1905	7	17991
-1997	3709	20256
-5211	11272	19391
-9188	13547	6504
-12278	5722	3581
-14801	1627	6216
-14801	1627	6216
-14207	-1773	10045
-12669	-3765	9839
-11596	-5263	10251
-12322	-5148	12186
-13021	5277	18403
-8972	13222	17539
-3632	16511	11527
4558	12635	7781
6925	8939	10251
9519	1539	10704
10005	-3866	7451
4178	-8487	2758
4178	-8487	2758
-3373	-9697	4487
-10644	-6295	8769
-14494	33	12639
-13386	5636	4940
-9815	1535	-41
-3540	-6157	-412
2471	-8899	3375
5665	-8997	4404
7798	-7449	3746
7562	-6227	3128
6060	-7958	3046
3598	-9604	4734
1466	-9997	6504
1466	-9997	6504
-2176	-10336	7781
-4559	-10015	7451
-4850	-8697	6051
-5695	-7951	4652
-6407	-7650	3952
-7163	-7887	6051
-9335	-7277	10704
-11128	-2116	16797
-8444	12899	16550
-3637	16255	12474
-1017	14928	12515
1000	8980	17539
1000	8980	17539
843	3601	19144
-175	188	18980
-5567	187	20544
-11500	5741	19638
-13449	9545	16715
-13774	11542	11980
-11291	12032	5516
-6412	10943	1111
-1453	11169	781
1577	13919	3581
1761	13179	3705
787	10600	534
-223	10374	81
-223	10374	81
-1965	10319	40
-7494	11800	2675
-10764	12391	5393
-14027	12323	9469
-14341	9425	16839
-10727	4208	19597
-5132	624	19803
223	-990	18527
4346	1493	17250
2641	4111	18280
-798	6548	19885
-5648	8723	20050
-5648	8723	20050
-11249	8448	19062
-13389	5160	18280
-13513	1826	17250
-9466	-170	19103
-5132	1887	20462
-1315	2314	19927
3031	5318	17580
1894	8717	17662
908	11851	16550
-2273	15964	12968
-4143	16114	9345
-4143	16114	9345
-7391	14708	6340
-7040	10396	1769
-11091	-4000	3581
-13674	-3177	12021
-13069	856	17415
-11875	-242	16880
-7941	-7084	6792
-5942	1844	-1482
-6792	15062	5928
-1533	7733	19062
3548	1688	17539
6180	1486	15645
7455	4183	14492
7455	4183	14492
4561	9546	14368
-1127	8766	18980
-7172	2361	20709
-11259	-4162	12104
-11403	-29	4446
-9379	9997	1934
-9891	15041	11569
-7119	14294	15315
-1689	16232	9469
1047	10211	493
3198	29	-2553
3562	-8461	1852
3562	-8461	1852
3761	-8615	2840
3836	-7979	1358
871	-2685	-2017
-4463	3718	-1400
-9174	10288	2222
-12732	13623	8234
-13337	9966	18238
-8306	1725	20091
-2085	-3950	17456
3941	-1849	16427
5333	5856	16345
4780	11860	12680
1976	14376	8439
1976	14376	8439
-6200	15179	6834
-11797	14732	9345
-14736	11822	13257
-14492	7380	17127
-7580	3290	20050
-1238	5221	19927
2358	8559	17580
5578	9772	14039
5812	7415	13915
5726	5445	15398
4596	2118	16756
-1468	526	20050
-1468	526	20050
-7212	942	20503
-10631	2906	19515
-13542	6103	17703
-14686	9789	11774
-12878	11599	8110
-10107	12421	4775
-6172	12318	1852
-3432	11992	1111
-1368	12847	2140
372	13792	3663
2098	14203	7492
2315	13434	10333
2590	12136	13668
2590	12136	13668
-665	9860	18444
-5423	9511	19927
-9819	10755	19432
-11730	9193	18444
-13382	9786	16468
-11503	13902	13421
-7366	14861	6134
-4199	7869	-1112
564	-4062	-1729
2144	-6230	-288
4683	-4251	-1194
5191	2288	-2182
5191	2288	-2182
3779	6725	-1112
1745	7882	-782
-1984	7591	-1070
-11531	4586	2058
-16792	1058	8851
-15376	1577	9345
-14576	5780	7040
-13949	8083	6340
-13043	8631	5681
-12778	8470	5846
-13504	9481	6422
-12996	10210	6504
-12996	10210	6504
-13911	10155	7245
-13321	9786	6792
-14663	8534	7245
-14847	7252	7534
-15684	6928	8892
-14058	4705	5846
-9773	992	905
-5191	-2484	-1441
-31	-5954	-865
4484	-7220	1605
6097	-7970	2716
5344	-8405	3993
1499	-8998	2305
-2934	-5593	328
-8027	2902	-123
-10347	8943	2428
-8746	15298	6175
-5000	15759	6093
225	14521	4528
3798	11589	3087
4774	8470	1399
3025	9073	0
-2397	10761	370
-10968	15421	9469
-13589	10307	18280
-13589	10307	18280
-9206	-1241	18197
-5836	-4087	16962
-3218	2018	20132
-2670	7690	20132
-1126	10344	18485
-1418	14126	15439
-1979	14872	13257
-3504	16233	11569
-4046	16076	9922
-4599	15906	7945
-3404	15260	5969
-2358	14652	4199
1525	11874	1769
1525	11874	1769
7976	4800	1399
9846	-1289	4857
6878	-6286	9345
-7958	-6702	14903
-12558	-2641	13915
-15234	5851	10045
-12005	11011	5146
-2520	14983	4446
4361	13035	6051
7180	8844	9469
8914	-176	11486
6429	-3702	13586
6429	-3702	13586
1323	-2435	17662
-4868	1619	21079
-12122	8636	18527
-15201	9346	13792
-15438	5619	8769
-13228	2927	4981
-7132	13	-1070
-2153	-1257	-2553
2153	-3932	-2059
7232	-5225	781
8881	-4674	2758
9284	-4075	3169
9284	-4075	3169
8864	-4875	2963
5522	-4890	-782
-2102	-713	-2182
-4388	4513	-1482
-7342	7329	-412
-7536	12818	3293
-8995	16127	8892
-6579	15544	15109
-3107	7083	19680
-505	2427	19762
-1657	3613	20256
-2968	10161	19309
-4057	15773	13751
-4057	15773	13751
-7594	16192	12392
-9751	15231	13133
-11743	14343	12968
-12688	13118	14615
-13527	10762	16592
-13634	8945	17868
-13698	8586	17991
-13163	9261	17250
-12886	8521	17374
-13471	8092	18156
-9811	6032	19927
-6745	5500	19885
-6745	5500	19885
-3308	5472	20256
449	7108	18774
2431	8298	17456
5210	6864	15603
7794	2952	13751
6752	-4206	13174
852	-7274	14903
-5821	-6472	16427
-14812	2613	15027
-14784	9925	10951
-10058	13825	6463
-4209	14692	4157
4223	12985	5516
4223	12985	5516
7982	8925	8604
9378	2347	10169
7633	-4997	11445
-3250	-8573	13792
-11066	-2289	17415
-15133	6017	14615
-13566	2558	4528
-8648	-3848	1275
-2325	-8511	1317
3969	-8030	1605
9469	-2813	2511
11017	1121	5269
11017	1121	5269
9427	2987	8975
5926	5397	14615
1020	2119	18856
-3527	-6152	16880
-5848	-8110	6134
-15010	6476	5887
-16562	4338	11939
-12661	-3681	12392
-4378	-9163	10292
6329	-5886	12063
10679	-1530	9551
10686	-2399	7657
10969	-648	2881
10969	-648	2881
8834	-682	81
5507	2228	-1729
-139	6472	-1976
-8387	7888	822
-12378	3776	2840
-15381	1584	7287
-15673	4107	7534
-11666	1796	17868
-5432	14811	15274
5247	11424	2963
9860	2313	3705
9998	-2500	4487
9998	-2500	4487
7065	-1790	-1029
-3819	12691	2593
-15580	5952	14780
-14008	-3113	9757
-6469	-895	18527
3600	10833	15151
7953	8339	10622
9512	6612	5063
6804	3434	-82
3154	-2406	-2059
5713	-7705	3910
-2131	-2842	19350
-2131	-2842	19350
-6302	10389	19515
-9339	16079	13339
-9408	15120	15398
-6232	11350	18774
-2095	4319	19680
619	1502	19391
-550	1461	20215
-6203	3209	20915
-10740	4078	19927
-13344	9094	16592
-12797	12896	13133
-5230	15138	5557
-399	14040	2675
-399	14040	2675
3543	11732	3087
5538	10898	6093
2989	9933	14656
-1261	6026	20421
-6652	2690	21203
-11157	4424	20256
-14846	10153	14821
-13015	11027	8110
-10041	6975	1564
-5004	-4052	-1153
-1610	-8172	822
1865	-8389	1728
1865	-8389	1728
5744	-6873	1152
8583	-1811	164
8308	2935	-206
4692	6013	-576
-4681	9110	205
-10857	8549	2881
-14774	2628	5434
-13934	-3029	8645
-5110	-8835	10786
1770	-9206	10580
7955	-6982	3169
8875	-5039	4157
6384	-7535	9551
6384	-7535	9551
1401	-9094	12763
-3944	-9463	12310
-12538	-3719	8522
-12446	981	4240
-7606	3128	-1235
-192	3370	-3829
7519	3931	-494
8336	2468	370
6542	2893	-1482
2036	7904	-659
-10085	15377	12886
-13290	8496	18280
-13290	8496	18280
-14116	4244	17703
-12116	7424	18938
-8531	14055	16880
-1927	16575	9263
2897	11851	2428
6623	3186	-1441
4989	1328	-2223
934	4451	-2347
-9742	15345	7739
-12772	11288	17127
-10743	2044	19227
-7164	-25	19638
-2535	5567	20256
-2535	5567	20256
-2168	8575	19762
-1694	11062	18238
-1268	12937	16756
-548	14872	14039
579	15405	11733
2171	14388	8769
4292	12288	4569
6311	8284	1687
8343	1680	493
8221	-5611	4940
689	-6371	15151
-5282	-2388	19227
-5282	-2388	19227
-10773	240	18485
-14639	3293	9345
-11884	7681	3869
-6746	14299	3046
-176	14664	5310
7688	8811	6669
10109	3091	7451
8962	513	10827
5838	525	15603
-3230	5361	20956
-9247	9348	19556
-13958	9575	16880
-13958	9575	16880
-15741	4362	9716
-12194	-119	3952
-6890	419	-1194
-755	2264	-3623
6097	706	-1976
7977	-2373	740
9554	-3502	5269
8024	-3918	10827
5074	-5164	13668
1172	-9766	11692
-2987	-6984	1852
-12266	10974	4157
-16011	11601	13874
-16011	11601	13874
-12951	3191	18197
-5754	-3606	17250
4418	-377	16139
7558	5142	13998
6640	10881	9922
-4322	16008	10333
-12451	13899	14451
-15734	6629	14574
-14780	794	14986
-6915	175	19432
-1077	3548	19638
5524	4406	15974
5524	4406	15974
10850	2273	8192
10372	1297	3622
7223	-29	-782
511	-2406	-2059
-7990	-5206	2716
-10768	-5002	6710
-9486	-6329	5969
-14524	-820	13709
-12712	2087	18156
-9834	1181	18938
-6957	-3358	17827
-7685	-5143	16139
-9924	-4119	16262
-9924	-4119	16262
-12913	265	15480
-13946	5364	16262
-8480	13336	16592
-1853	15108	14286
3491	12265	11239
3778	10357	14368
811	12332	16056
-3743	15102	15562
-6839	15615	13668
-12042	13683	9345
-12829	10690	6257
-11909	8346	3334
-11909	8346	3334
-9247	5159	493
-5844	-79	-2100
-2476	-3959	-1688
448	-5231	-1606
4559	-4268	-1812
6377	-2391	-1976
8409	1021	-1029
6745	5591	-535
502	10994	864
-4735	11656	1358
-9793	8853	1934
-12827	5042	3252
-13721	-2000	6710
-13721	-2000	6710
-9030	-6201	6669
-3610	-9637	5598
2532	-9496	4281
5517	-9008	5393
7236	-7469	4157
6568	-8042	6504
2970	-9178	10210
-1151	-8789	13133
-7245	-7104	14533
-13327	-1170	11527
-13701	1890	6093
-10118	4698	575
-10118	4698	575
-3741	7817	-2182
3311	10575	658
8511	6423	1152
9488	1361	575
8251	-3627	658
2382	-4968	-1729
-1966	1376	-3006
-6897	7415	-206
-12347	11235	5063
-11508	12539	5681
-7746	13325	2675
-2377	9658	-1235
-2377	9658	-1235
5213	5845	-2017
7522	5679	205
7520	6458	822
2700	7937	-741
-2063	9301	-576
-9919	10486	3046
-13401	13178	10498
-10420	4954	18980
-5645	218	19144
-1372	1640	19103
1286	6487	18238
2877	11094	15274
2284	11736	14615
2284	11736	14615
1545	13088	14451
3229	13856	10292
5274	12480	6669
6805	8983	3169
8896	4296	1769
8843	-4402	5557
4409	-6699	12310
-1194	-3779	17868
-7076	2086	20503
-11171	975	18856
-13506	197	15109
-15232	3385	10375
-15232	3385	10375
-12781	12981	8110
-7844	16620	10292
-893	15210	11445
5335	11857	10045
8497	4951	9551
8024	1786	12845
3852	-71	17291
-7002	2931	20956
-12623	6833	18568
-15019	7046	13462
-15297	4651	7904
-10192	-1483	1440
-4768	-3854	-1112
-4768	-3854	-1112
937	-4684	-2264
7162	-2510	-1318
9459	-725	1152
10386	670	4363
9741	1475	8522
5679	-238	15068
467	-6911	15850
-3198	-9920	9016
-8937	-3809	2799
-16532	6876	8604
-16506	4512	14986
-9962	-1639	17580
-9962	-1639	17580
2439	-3946	15645
8935	-1277	11198
10523	319	8192
11163	572	7492
7921	-1625	658
5773	-6678	2222
-118	-9815	10375
-8264	26	19927
-13883	12841	12310
-16367	6715	9551
-16609	6676	11692
-11646	14021	14862
-11646	14021	14862
-6021	15760	14204
675	13475	13957
5006	8290	14533
10607	2440	9633
10954	3554	5022
7614	7832	2346
-3221	15458	6792
-10631	14786	11733
-13092	13721	13215
-13773	12334	13709
-14761	10439	15603
-14503	7072	17003
-13755	3048	17415
-13755	3048	17415
-13053	1944	17374
-13702	4992	16839
-14486	8219	15974
-13529	11250	13257
-9176	13014	4363
-3803	4942	-2264
237	-4674	-1688
3173	-8110	1687
6786	-6758	2305
7566	-3270	0
6548	2785	-1812
-61	8306	-1070
-61	8306	-1070
-4979	5246	-1647
-8580	1442	-288
-11015	483	1769
-9408	1918	493
-6906	1698	-1235
-5265	-1356	-1523
-4395	-4662	-576
-4255	-6180	246
-3795	-6329	740
-5547	-7182	2593
-12812	-2309	7369
-14109	1429	6175
-11609	2251	2058
-11609	2251	2058
-8577	4136	-412
-4811	15956	4816
5	12210	15645
3535	1508	17333
7251	-3646	12845
-1468	-3393	18156
-7878	-650	20132
-14486	3355	16221
-14592	172	14451
-10261	-3826	16303
-4310	-3446	17868
-4310	-3446	17868
2439	-2712	16139
4660	-572	15850
5737	3859	15850
5016	9170	14656
5029	11035	12598
4095	12955	10580
4103	12774	6710
5691	8113	2058
7388	2147	-82
5862	-6876	2181
-3881	-9505	7369
-8603	-6897	8604
-8603	-6897	8604
-13914	573	6710
-14085	8883	6545
-8475	16299	10622
-1659	15324	12598
5119	11733	11198
8545	7061	8316
9550	-2464	7040
5465	-6633	11363
-1909	-4988	17250
-12603	5307	18568
-15371	6675	13257
-15327	1934	9469
-11698	-4251	8481
-11698	-4251	8481
-2445	-9613	7822
4195	-9418	4446
8841	-6172	3169
10034	-2569	6463
9390	-2337	9304
5927	-3433	13751
2883	-8760	11980
-1349	-3957	-1935
-9514	10067	2058
-15565	11821	11157
-14713	3741	16509
-4705	-4360	16509
-4705	-4360	16509
2713	-1756	15892
6130	4524	15315
7402	10330	7945
3653	10511	2140
-391	10417	-206
-4756	10179	-206
-11414	3446	1028
-13284	2124	4240
-12982	-1934	4981
-10611	-6374	10951
-871	-207	18115
4624	2123	16262
7764	2383	13504
7764	2383	13504
10269	4834	8645
8860	7755	5063
6180	6399	-288
1071	-78	-2882
-8394	-8620	7781
-13028	1988	16303
-14066	8387	15850
-15111	8628	15603
-13874	4651	17580
-10927	-3844	12804
-9626	-1390	2469
-10792	15253	10375
-10792	15253	10375
-7990	8816	19515
-4082	955	19268
720	-1093	17703
6597	5244	14821
9628	5468	9510
10362	-635	6093
2914	-3322	15933
-3931	4629	20338
-10823	9770	17950
-14727	8757	13957
-13855	2410	5804
-7973	120	-741
-7973	120	-741
-904	-1269	-3664
8441	-2217	-494
10502	-1130	4157
10970	-1167	6051
10120	-3147	3293
724	-3269	-2347
-6086	3244	-1647
-9907	8217	1317
-9967	14555	6545
-6578	13286	16056
-1447	6103	18485
3121	-109	17086
4166	4167	16756
4166	4167	16756
2260	10825	15892
-641	14476	13174
-5573	15330	12104
-11430	13485	14533
-13388	9184	17086
-12809	3753	17621
-7568	-290	18444
-2946	466	18938
642	4091	18691
3341	8284	16592
5249	12145	10580
6516	10492	4652
6516	10492	4652
5468	8330	370
3386	4983	-2306
-996	-2343	-2759
-5275	-9019	2716
-12117	-2704	14615
-12976	8846	16015
-13916	10401	15398
-11167	8562	17333
-6614	-1735	18362
-8388	-4943	4157
-9152	10479	1440
-11118	14300	14039
-11118	14300	14039
-4302	1105	19309
-1307	-1020	18362
3052	2559	17086
6552	7878	14368
10383	5387	5928
10595	-763	6175
8985	-3549	8933
7335	-4814	11404
3818	-8702	10210
891	-9913	5393
-3741	-5666	452
-13943	7450	3910
-16977	6162	10704
-16977	6162	10704
-14194	-1323	12515
-8335	-6410	12845
-7578	-7086	14368
1168	-5047	14574
4976	-949	16139
8348	4598	12845
10141	5192	9304
9947	4998	5887
9112	6415	2675
1876	11189	1934
-3191	12054	1975
-9193	10501	2346
-9193	10501	2346
-13281	7315	3952
-14034	6406	4981
-11711	5239	1975
-7834	-1773	-412
-2029	-9675	6175
2289	-9699	9180
4239	-8267	9716
7250	-7015	9263
9523	-4649	7863
9921	-4962	5887
7932	-6651	3416
816	-7794	1070
-5080	-6246	1193
-5080	-6246	1193
-10913	-3842	4446
-15012	-604	9139
-13806	6500	17003
-8530	13453	16715
-902	15071	12515
4552	11799	10251
6306	3642	13874
4240	1124	16797
-1980	2015	20379
-11750	5302	19062
-14848	6935	14162
-14163	10707	10539
-14163	10707	10539
-10754	14639	9880
-4637	15600	13586
-923	13856	14739
2029	11643	15151
3188	9907	15562
4315	5866	16139
5584	5404	15439
7655	5290	13504
7665	8377	10827
4775	11866	10622
-1148	15225	11527
-8084	15407	12268
-8084	15407	12268
-15244	10178	15480
-15440	4010	15892
-11678	-4299	13709
-3360	-8224	12310
1959	-5747	14656
5114	490	15933
7037	6047	13998
4036	12982	10992
325	14582	12186
-5619	15067	15109
-10242	13494	16674
-14023	8160	16962
-14184	3499	17539
-14184	3499	17539
-11087	45	18197
-2191	-1188	18485
2946	2034	17868
5385	6744	15727
6518	9741	10992
7436	7123	1852
6615	-997	-865
2487	-9546	3746
-6340	-4697	17539
-11117	4105	19556
-14074	7142	16345
-14585	7062	15645
-14585	7062	15645
-14023	671	16139
-11021	-4744	11527
-7543	-4035	3128
-8073	7688	246
-5924	15040	13915
-1996	10731	17991
3547	9520	16056
8332	8318	8151
10067	2398	4693
8483	-3438	9016
4539	-1368	15933
-2817	6317	20709
-7842	7142	20791
-7842	7142	20791
-11795	4464	19432
-15088	2147	13257
-15121	5904	9551
-12547	7758	4816
-7273	5972	-535
-2723	3603	-2553
-5648	2775	-1606
-13647	5075	3169
-15897	7425	8481
-14799	10469	14986
-11014	11378	18403
-5417	7539	20091
-5417	7539	20091
2922	361	17580
6390	-1488	15274
4948	-560	16180
1890	2393	18527
-3869	13942	17044
-6605	15467	13380
-11961	14582	12186
-15072	9939	16262
-13913	5551	18074
-10411	890	18650
-6264	-396	19432
-717	-569	18485
-717	-569	18485
2290	-1015	17868
2391	120	17827
1832	2528	18485
-1676	8927	19597
-4793	11538	19021
-8797	10213	19597
-13788	4601	17827
-13584	2147	17703
-8624	-406	18856
-2166	-1351	18115
-1326	-1961	18691
-3612	-3544	18115
-9067	-2425	18238
-9067	-2425	18238
-13052	1736	16756
-13545	10401	15398
-10139	14242	14245
-6066	15266	13586
-1623	14968	13257
947	13187	13421
2470	11106	15603
3977	9177	15480
5995	4486	15892
6863	1542	14903
7145	-1043	13792
578	-4785	16797
578	-4785	16797
-2797	-3488	18156
-8203	-888	19350
-12168	1906	17950
-14265	7070	14903
-14024	10997	13174
-11050	14411	12557
-6525	16045	12104
-85	14476	13174
2943	10801	14451
5077	5919	15645
6163	-2523	14821
3884	-6651	13092
3884	-6651	13092
-2104	-8576	14039
-9362	-4651	16221
-14892	4134	13957
-15113	9776	11445
-12005	13884	13586
-6088	13707	16797
1581	12968	14574
3918	9125	15192
4774	4059	16427
4716	515	16592
4811	1127	16550
5549	2033	15768
7392	3775	14080
7392	3775	14080
6669	8976	12021
216	13939	13627
-9894	14689	14080
-16292	7279	13957
-13957	-461	14368
-6945	-7150	12968
1187	-9261	10539
7429	-4202	11363
7347	3173	13915
4700	10967	13792
-3409	15899	12351
-10129	15123	14368
-10129	15123	14368
-13488	10522	15274
-15425	5778	15398
-14257	609	14492
-12457	-1265	15974
-7800	-842	18815
-3407	240	19268
3452	-1055	17127
6183	-1364	14903
7537	-12	13957
8027	4560	13421
7980	7764	11651
8093	8998	8481
8509	8046	5351
8509	8046	5351
9435	1835	1605
8379	-5510	3663
2253	-9737	8975
-8730	-6008	15315
-13884	747	14204
-15027	5856	10333
-12627	11304	5969
-3858	16350	8028
2804	11381	12927
8345	4350	12268
10024	-3132	7822
3677	-9789	8686
3677	-9789	8686
-4782	-5610	16715
-11588	1369	18403
-15256	5156	10416
-13266	11111	6998
-3840	15923	10127
-526	12727	14821
-7392	8008	20832
-7080	8300	19556
-7338	11243	18444
-11343	12884	16468
-12788	11906	16592
-13878	7817	17168
-13878	7817	17168
-14017	1481	16139
-8595	-6631	7451
-4338	-7272	1317
-1052	-6300	-1194
1559	-7025	-206
2364	-9954	6216
3045	-9299	11116
3081	-5448	14986
2000	-3297	17374
1381	-4782	16550
-421	-6232	16180
-2548	-7129	15439
-3721	-7054	15068
-3721	-7054	15068
-5613	-7199	15315
-5990	-7803	14615
-9395	-6200	13998
-7704	-8035	10992
-4635	-10130	7081
-5304	-10183	7575
-5406	-8876	12392
-5749	-8505	12598
-4648	-9447	10827
-4468	-9389	10622
-3909	-10141	8851
-3794	-10000	7534
-3794	-10000	7534
-2907	-10423	7040
-3214	-10302	6134
-3110	-9600	5804
-3239	-9953	5434
-3526	-9620	5434
-3863	-9514	5228
-3546	-9595	5310
-4281	-9356	5310
-4456	-9502	5557
-4329	-9100	5146
-4738	-9542	5598
-4686	-9650	5269
-4764	-9173	5269
-4480	-9359	5557
-4903	-9173	5269
-4316	-9394	5104
-4110	-9153	4857
-4725	-9727	5104
-4330	-9446	4816
-4328	-8676	4857
-4578	-9223	4734
-4524	-9113	4816
-4917	-9226	4981
-4627	-8917	5104
-4578	-9223	4734
-4578	-9223	4734
-4511	-8982	4487
-4973	-9554	4487
-4997	-8967	4569
-4468	-9022	4528
-4523	-9163	4281
-4631	-9195	4363
-4563	-8796	4199
-4435	-8759	4404
-4201	-9331	4404
-4789	-9140	4404
-4098	-9526	4116
-4433	-8463	4199
-4433	-8463	4199
-4911	-8939	4199
-4541	-9235	4404
-4040	-9218	4240
-4561	-9022	4528
-4312	-9087	4693
-4083	-9178	4199
-4399	-9195	4363
-4338	-9035	4199
-4506	-8834	3993
-4267	-9275	4446
-4686	-8862	4363
-4543	-8663	4404
-4394	-8809	4652
-4394	-8809	4652
-4429	-9260	4528
-4435	-8759	4404
-4276	-9288	4116
-4344	-9529	4363
-4795	-8874	4816
-3769	-9378	3622
-4183	-9258	4281
-4686	-8862	4363
-4485	-9273	4199
-4747	-9052	4363
-4693	-8864	3828
-3944	-9178	4199
-3944	-9178	4199
-4468	-9496	4281
-4498	-9403	4528
-4758	-8887	4487
-4713	-9075	4240
-5030	-8520	4404
-4360	-8832	4528
-4684	-9433	4363
-4467	-8914	4075
-4295	-8887	4487
-4988	-9035	4199
-4555	-9238	4652
-4958	-9127	3952
-4958	-9127	3952
-4574	-9233	4157
-4868	-8663	4404
