-29853	-8589	-12959
-31666	-11711	-11009
-31296	-11991	-11226
-31476	-11544	-11009
-30604	-11837	-11269
-30604	-11837	-11269
-30351	-11687	-10923
-29970	-12166	-11053
-30497	-12150	-11399
-30336	-11133	-10923
-30485	-11200	-10966
-31083	-11580	-11139
-29415	-11050	-11226
-29356	-10872	-11183
-29603	-10880	-11009
-28806	-10789	-11486
-28195	-10191	-11529
-27441	-8217	-12006
-27441	-8217	-12006
-23501	-5439	-12179
-20414	-759	-9449
-21224	2041	-4683
-23752	5040	-1216
-25266	6342	-306
-29374	8486	1253
31521	10425	2466
21679	13887	2163
15588	14453	993
9399	13175	-436
7136	10077	-4466
15107	2671	-11486
30216	-2242	-14866
30216	-2242	-14866
-23418	-5388	-9969
-28370	-11007	-2776
19925	-11004	4113
21653	1280	8923
21232	13179	4633
7407	12008	-1259
13218	1318	-10966
28467	-7734	-13479
-28708	-11580	-9319
-23509	-6109	-3296
28722	-1286	6626
18763	-6244	6930
18763	-6244	6930
15316	-14525	-1259
4032	542	-7326
17015	6659	-10273
14224	14402	-609
23718	14192	1860
-26479	9915	-3643
-20101	740	-9233
-25659	-9455	-9449
-25652	-8525	-11313
-23971	-1854	-11226
-26360	7411	-4899
19160	13986	3333
19160	13986	3333
7791	11742	6670
15126	7876	8533
27533	4074	7190
-20450	-1907	-1909
-22140	-7109	-9579
30189	-13159	-9623
22449	-15138	-4509
28347	-10034	2596
-27621	-1630	2943
-25306	6963	-869
-30506	10299	-2646
17288	13084	4893
17288	13084	4893
4311	11726	6410
1185	9974	2033
10973	10339	-5333
23278	9615	-9189
-29582	131	-12266
-28673	-8347	-11876
31832	-13772	-7413
24674	-13864	343
2702	-3174	9443
-1293	7504	7580
6797	11826	-1519
19049	8060	-10013
19049	8060	-10013
-27467	-228	-12569
-24979	-2954	-12006
-23202	-3346	-11616
-23099	-830	-10923
-22438	1156	-10143
-25393	1508	-10879
-29420	2093	-12179
26524	6553	-11269
27567	12542	-2949
27331	9297	3810
30653	885	5456
-27409	-3628	2120
-27409	-3628	2120
-20053	-1123	-3903
-21500	3616	-6416
-26118	7826	-6416
31858	11739	-4466
27108	13227	-1259
29788	11387	1730
-27555	8621	-479
-21413	5219	-5419
-22534	685	-9839
-28111	-2495	-12959
-30740	-2262	-12916
-31097	-311	-12873
-31097	-311	-12873
-30433	2145	-12396
30555	4444	-11486
19447	-232	-12179
1220	-10295	-5636
12330	-1112	8273
28300	11996	-1909
17734	13701	-1346
9292	13151	5543
-6021	3730	7146
18130	-2800	-12656
-27261	-3473	-12483
-26943	-10793	-8669
25477	-14318	-7586
25477	-14318	-7586
3253	-10987	-2299
-1656	-1566	-3903
10834	10366	-6849
10681	13828	3160
8669	8395	8403
19841	-918	7970
25114	-4918	6713
21809	-8847	5716
23142	-11447	3506
21375	-11253	3203
18458	-9291	5716
11614	-7265	8056
11614	-7265	8056
-1029	-5053	7840
-6076	35	1340
-1582	1507	-4206
2782	558	-7066
7146	-4185	-9623
11305	-10211	-9579
8130	-12439	-6589
1582	-11696	-436
2552	-7035	6670
15919	4074	9616
21930	7801	7450
28265	11770	2726
28265	11770	2726
31490	11941	-696
-28007	8839	-696
-24740	5899	-913
-22346	2959	-2343
-21015	676	-3599
-19978	-256	-4379
-20104	404	-9449
-29685	-1573	-12829
12779	-10160	-10403
897	-8543	4200
31947	10571	1990
22814	13670	-2473
15088	14216	1340
-3725	-1424	1470
20734	-3615	-13003
-25182	-3113	-11573
-26836	-11612	-6199
23603	-11042	-10186
27476	-984	-13306
24973	11166	-6763
12929	14220	950
-1817	8577	6843
-2473	2456	8966
-2473	2456	8966
177	-5504	7406
2906	-10956	1860
15567	-14588	-5939
23412	-14473	-6936
21878	-15411	-4293
10110	-14754	733
1954	-10030	-1433
2918	5025	-5723
10683	11573	-5073
21147	10695	-7066
20585	562	-12916
23632	-11984	-11399
23632	-11984	-11399
26164	-14916	-7543
24576	-14402	-3643
-31952	-9733	256
-20478	1757	-8149
24080	3712	-11529
11351	8780	-7586
12992	13753	-2169
32663	12040	-133
-22213	2968	-9189
-27853	-5467	-11876
-31108	-10258	-10966
19592	-15510	-4856
19592	-15510	-4856
14779	-12317	2553
25202	117	7710
31835	10223	2943
13138	13384	4980
1214	5205	9703
4254	-8226	5760
13685	-7846	6540
7184	-8935	6410
-212	-8883	3766
-7132	-2093	2466
-4222	5261	4850
14867	12166	4980
14867	12166	4980
-30286	9939	-7196
-27490	1654	-11963
-24993	-4399	-11616
-23300	-7869	-8713
-19083	-474	-7803
-32586	7067	-9189
13270	11411	-4856
5408	8277	-4769
21963	-7030	-13133
-27232	-8422	-12353
-20278	-165	-7283
-20521	-4308	-7239
-22906	-5890	-11399
-22906	-5890	-11399
-29369	-5020	-12873
26649	-6709	-13176
10639	-6721	-10186
-479	-1740	-5549
-67	1939	-4856
2296	6168	-4986
10645	7621	-7976
24742	6193	-11573
-32114	-2554	-13783
30408	-8371	-13176
18344	-11252	-10749
10127	-10239	-8669
10127	-10239	-8669
16128	-628	-12006
27357	8040	-10489
29999	12598	-2343
25078	11869	3290
31977	8177	3766
-24762	6746	-653
-21555	4416	-6329
-23166	697	-11009
-30509	-1411	-13046
31100	-177	-13393
32247	2865	-12396
30753	7296	-10576
30753	7296	-10576
28957	10493	-7196
31086	11431	-5593
-31579	11130	-5073
-28561	9231	-3513
-31014	3829	2856
27455	236	6323
11732	117	10136
-1727	7283	5760
12520	13195	-2386
20608	10042	-7629
16623	535	-12006
8744	-10267	-8366
8744	-10267	-8366
19478	-14596	-3339
30049	-14481	-6156
9996	-14370	-3729
-2073	-6504	-1909
2668	4985	-6069
2519	11236	776
-1789	6959	-1086
-1678	2196	-5333
1125	-3908	-6589
16066	-9981	-10966
32343	-10120	-12483
-24999	-9855	-7066
-24999	-9855	-7066
30853	-10137	603
24403	501	8100
16924	8925	8316
11766	13507	3810
7138	10651	-2776
4031	-4130	-8409
18850	-11738	-10706
-30703	-11541	-9579
-26830	-10659	-5549
29345	-13152	-89
2311	-7679	-4379
12644	1880	-11139
12644	1880	-11139
17585	11854	-6676
23879	13880	-2516
-24631	7949	-5159
-19051	317	-8756
-21344	-5926	-9709
-27699	-8668	-11833
-32335	-2792	-13436
-32063	5635	-11183
27883	12598	-4769
18327	14243	1036
17073	11323	6756
30673	6931	4676
30673	6931	4676
-21893	1491	-1433
-19053	-2215	-7889
-28218	-10278	-9623
26522	-14255	-8973
16473	-14473	-6329
4590	-12170	-2169
518	-7637	5283
18111	1257	8836
29317	10017	4416
28248	12985	690
21048	14101	1730
7860	13028	3073
7860	13028	3073
12257	12938	-2516
26480	13619	-3469
-30288	9052	-523
-22562	-2156	-999
-24796	-10417	-3859
26237	-13832	256
7825	-13322	2726
-6675	680	256
-607	10555	3550
13427	10777	7190
22554	2760	8056
23634	-10022	4460
17716	-12748	3203
17716	-12748	3203
13452	-13235	2033
15785	-14200	733
24156	-12558	863
27899	-8096	4416
18609	1000	9313
6519	4790	10613
-7932	1174	6713
-3403	-4998	6020
13076	-7522	6713
28123	-7015	4720
-27606	-1076	2943
-26413	7106	-349
-26413	7106	-349
-32141	11280	-1086
26632	12502	1556
26527	11632	3636
-27227	8680	-1476
-22029	5334	-7023
-24354	404	-11876
-29188	-3069	-13436
-32449	-5831	-13609
32082	-5502	-13826
25609	-5672	-13436
15887	-7283	-11833
2816	-13053	-1346
2816	-13053	-1346
21058	-3977	6713
-28033	7695	1600
26914	12432	-2949
7951	13424	3506
-4333	7457	6193
-2063	-993	-3426
24641	-4105	-14389
-29506	-12300	-7499
24214	-15612	-4423
10235	-12680	-6459
7879	313	-9579
6809	9915	-5463
6809	9915	-5463
14714	11358	6280
20064	7413	7450
24119	-531	7970
19819	-5860	7320
22063	-13033	2163
25454	-13211	-306
25734	-13009	430
22379	-9813	4416
8107	-1916	10396
-3173	1664	9313
-6558	2017	3723
-4024	-2967	-2949
-4024	-2967	-2949
4581	-9891	-6589
5513	-12989	-3339
4114	-11700	2986
4888	-6280	7406
5503	3639	10050
8811	6349	9226
22633	9649	6713
-26687	8522	-1043
-22752	1583	-10403
-24741	-1376	-11703
-25669	-2187	-11833
-25580	-1633	-12439
-25580	-1633	-12439
-27759	-727	-12569
23235	-3781	-13003
2810	-7746	-7456
-2325	-6113	4980
23807	9071	6626
23159	12661	-3729
23907	12725	-5723
-30832	10643	-3209
29099	2583	5586
1539	-2659	9096
-2742	6706	3853
6756	11434	-2949
6756	11434	-2949
12592	13523	-783
26529	13488	-913
-28250	10528	-4033
-23455	5219	-8453
-22267	-2618	-11183
32738	-12858	-5896
27791	-13132	-219
11557	-6881	8446
503	-871	8750
4201	12411	1426
22454	13349	2423
32455	2314	4200
32455	2314	4200
-29949	-9947	83
30103	-14750	-6329
-30570	-11723	-9839
26991	-9876	2770
1421	-1326	10526
-804	1003	8923
-7453	1356	5760
-7814	-1915	5543
2842	-5860	7320
19866	-5686	6540
-22786	209	-46
-20761	4237	-5766
-26145	7122	-7976
-26145	7122	-7976
-32043	10758	-6026
32315	11462	-4466
-28760	10331	-5766
-25405	7292	-7759
-26025	2026	-11616
-31898	-3564	-13219
30600	-5166	-13609
27774	-3924	-13523
22712	-1110	-12959
9039	2390	-9883
5165	3379	-7889
1446	1076	-6589
1446	1076	-6589
-6920	-4767	-2039
-4011	-6002	4373
13614	-4741	7970
25334	-1741	7190
-20462	1095	-653
27400	1247	-10013
17266	-819	7320
18478	13543	-306
-2667	5048	-3816
-8538	3635	2553
6730	898	-7846
24884	6343	-11833
24884	6343	-11833
30977	7870	-10706
-25679	6580	-9146
-19894	253	-9796
-23679	906	-11053
-25136	360	-11833
-28290	800	-12656
-30394	3225	-12093
-27819	7304	-9536
-28343	9571	-4899
-32608	11169	-1086
26273	13227	-1259
21553	13298	-2213
21553	13298	-2213
19108	13611	-2689
21619	13911	-3209
23060	13025	-3816
28192	12815	-4379
-30673	10805	-4639
-23175	6750	-5896
-20411	1626	-8019
-25152	-5079	-11876
-30707	-4117	-13219
30429	-366	-13479
25702	5148	-11746
22207	11830	-6763
22207	11830	-6763
20426	13836	-1866
24128	13717	-2906
26274	11648	-5809
-8245	-3738	-3339
26825	10607	5153
20053	10967	4850
-4296	3065	3506
15242	11553	-6763
28786	12039	473
25487	2816	6843
-27419	-8194	213
-27419	-8194	213
-25186	-11161	-6373
28162	-14484	-7586
16291	-14227	-6849
8672	-13432	-5766
-2529	-9797	1643
759	-5069	6973
4715	1696	9833
3907	4810	9270
2054	7342	8403
951	7730	8403
1640	6017	8620
-1048	4315	8880
-1048	4315	8880
-5850	1858	6583
-6892	3053	5283
-5820	4925	4026
-5233	7125	4373
1908	10931	2293
8668	13124	386
16465	13943	-1476
26961	13935	-1909
-26405	7011	-1303
-21601	807	-2516
-20385	-3343	-4119
-20848	-5843	-5766
-20848	-5843	-5766
-18314	-929	-7846
-21154	1492	-7499
-25211	5970	-2473
28380	11070	3203
17098	11972	5283
6343	7678	9226
13224	3322	9703
26744	-1302	6973
-25025	-3296	906
-19442	-3679	-6763
-20518	-335	-9319
-23739	4772	-8669
-29239	10002	-5549
-29239	10002	-5549
22001	13871	1903
13983	11216	6366
10616	6729	9400
13539	-990	9530
23777	-6956	5543
-29589	-5705	2423
-20965	-1808	-1953
-19306	-687	-7976
13068	-12767	-8193
-4580	-4903	5153
7223	8157	8143
13239	13998	2163
13239	13998	2163
-3587	5630	-1086
-875	1044	-4076
15806	-1288	-12396
-29649	-2958	-13436
-23558	-9052	-6156
-21617	-3901	-1909
-24893	4494	-783
29807	10575	2206
18105	13939	126
9814	8159	-7023
14214	1963	-11443
27817	-3409	-13869
27817	-3409	-13869
-26912	-6792	-12873
-23811	-8470	-5853
-24969	-5290	-1519
29314	-2366	5716
3062	-2299	10006
3327	7874	-4423
-824	11216	1513
-3741	7560	6366
11122	4034	9270
-24992	8518	-653
-26931	234	-11486
15226	-11228	-10056
15226	-11228	-10056
13622	-15051	-4596
25923	-14746	-3079
31596	-14259	-4336
-30272	-12510	-3816
-28324	-8174	83
-28689	5222	2683
27987	12423	863
12199	13863	2076
5766	11485	6540
12778	4932	9313
26437	-3447	6626
-21868	-6338	-1909
-21868	-6338	-1909
-25103	-9230	-9233
21903	-14773	-7023
28999	-9923	2596
-22479	810	-479
-28370	7324	-7239
17407	8539	-8669
2986	11335	-479
9350	13701	3506
32627	10148	2466
-29340	9907	-1043
30396	12222	-2906
32146	11565	-1866
32146	11565	-1866
32147	10247	603
31749	9048	2900
30428	7924	4460
29322	10757	3073
-32639	12190	-3426
27967	6826	-10273
9012	-5621	-10619
14711	-10848	-9883
28571	-9103	-13219
-24786	-921	-12266
-24533	5468	-7543
17432	8175	-7976
17432	8175	-7976
-3297	3640	-4509
-6850	-2298	-1519
3948	-6939	-6936
27384	-4149	-14346
-30067	380	-13176
-26079	2881	-11529
-25173	5429	-8496
-24395	1163	-609
-23094	-8534	-4466
27927	-13531	-8756
11639	-9918	-9319
6485	6283	-7196
10916	7704	-8279
10916	7704	-8279
23850	5259	-11746
19538	883	-12353
12465	-8506	-10836
9190	-11731	-7239
5889	-10504	-6199
10202	-7255	-9709
22910	4084	-12396
28265	8131	-10359
31871	8060	-9406
-30579	4092	-11963
31133	-715	-13133
25767	-5273	-13393
25767	-5273	-13393
24681	-4501	-13609
23249	-434	-12916
21129	4376	-11529
18311	5231	-10836
20424	4444	-12093
25138	3554	-12309
16786	-295	-12006
5949	-4573	-9016
12161	-7825	-10576
22305	-8442	-12829
-31665	-5957	-13869
-25157	2299	-11226
-25157	2299	-11226
-29983	8337	-7586
23978	11668	-5939
10745	9733	-5723
4208	-217	-8279
10693	-6856	-10879
22667	-9867	-13176
31716	-9289	-12483
-26380	-4019	-12656
-26463	-252	-12656
-30437	5425	-11139
28631	10026	-7889
17039	10711	-6199
17039	10711	-6199
11447	8080	-7716
14009	4103	-10099
20913	-97	-13306
30309	-2681	-14043
-23470	-5221	-11789
-20760	-4783	-8973
-19596	-1344	-6936
-22186	5001	-5809
29210	10251	2033
9648	8893	9616
-4108	3932	6670
-5911	3651	2206
-5911	3651	2206
2107	1376	8056
31310	6860	5630
31733	12356	-2213
18176	12487	-3556
15024	8645	-8279
6273	71	-9449
1487	-7675	-6589
7586	-12423	-4509
23166	-15371	-6373
-29228	-12435	-6979
-21926	-6619	-3946
-18367	-7	-6503
-18367	-7	-6503
-30557	6489	-8669
16874	13559	-2473
-3077	9487	3896
-3039	7382	6930
13840	8454	8013
-26133	5776	863
-19541	1820	-4076
-18274	-3813	-7456
-23535	-7220	-9579
25330	-12822	-10619
13589	-14524	-6113
4687	-13005	1253
4687	-13005	1253
-135	-6699	6886
-3968	3813	7450
-4500	7018	4590
-7713	5432	3246
-4612	1997	7493
-27143	2076	2726
-19717	-2543	-4639
-23083	-7663	-9579
-29467	-8608	-11616
22812	-5360	-13306
9528	-968	-10013
-1330	3268	-4856
-2194	6991	-1779
-2194	6991	-1779
-4	6168	-4379
-3496	-1384	-4856
-1779	-9294	1860
31173	-6659	3593
-20512	-6532	-5853
26604	-11873	-11399
11951	-9871	-9146
-691	-6702	-5463
-8433	-684	733
-6135	4474	2380
-6488	3821	1816
-7681	1404	3506
-7681	1404	3506
-5313	553	6670
-3299	-3292	6583
49	-4122	-4336
-1340	2880	-4856
1756	8985	-1779
1252	11173	3983
13744	11924	5716
32412	10706	1470
-21871	5452	-4163
-22056	-7948	-6979
-30999	-12396	-2993
28797	-9361	2423
28797	-9361	2423
29896	-107	6280
19222	13677	2206
-1961	9147	430
-7045	-2247	690
12197	-12194	-7716
-26006	-10247	-9709
-25366	1819	-436
-22873	-3600	-1216
-22292	-7996	-4726
-27816	-11952	-8453
12724	-6737	-10446
8558	5092	-8106
8558	5092	-8106
12227	10928	-6416
26976	9623	-8756
-30900	1528	-12829
30760	-5522	-13696
23801	-9305	-12136
18042	-9435	-11399
15943	-3196	-11876
12932	2719	-10706
18917	8523	-9536
28583	10371	-8453
-25867	3383	-10706
-29135	-3112	-13393
-29135	-3112	-13393
28252	-7750	-13133
22262	-8145	-12353
12956	-5166	-11183
10568	111	-10316
7774	4127	-8193
10728	8099	-7846
17855	9100	-8843
25209	3589	-12179
22096	-4723	-13003
17386	-11908	-10316
12771	-14422	-3513
20300	-9215	4373
20300	-9215	4373
-24892	-336	2206
32438	7435	-7239
-5770	-533	-4986
7966	13752	3290
882	10484	2076
2348	9550	6150
8967	568	11176
-4859	-4340	-479
-2973	-3402	-3729
-785	-249	-5159
1523	3596	-6286
1730	9654	-2776
1730	9654	-2776
519	9420	-999
7748	12657	-1519
14965	13603	-2516
27720	11886	-5549
-30622	9670	-7976
-25123	5263	-9709
-23644	649	-10576
-24042	-4739	-11443
-31156	-11378	-9796
28015	-14856	-7326
21977	-15415	-4509
14133	-14651	-2126
14133	-14651	-2126
400	-10438	516
-1068	-4063	-4119
12004	4341	-10446
20085	11542	-7413
-32142	11348	-5896
25029	3102	-10316
3165	-9527	-7283
14570	-13048	-7803
32209	-13709	-9406
-31265	-12573	-9709
-28568	-9661	-11616
30806	-3579	-13479
-3238	4190	-3513
-3238	4190	-3513
-6136	3	-999
-757	-6864	-4033
4284	-4114	-7543
21148	5176	-12049
26826	9128	-9753
26607	11886	-5549
18391	13460	-3036
4347	11478	-1173
-2251	9954	2770
721	9930	6323
9886	10448	7406
18303	12276	4980
18303	12276	4980
16652	13875	3333
10245	13574	3853
977	11272	2726
-936	7252	-2039
1720	-2535	-7846
8635	-10156	-8973
17836	-14140	-7543
24558	-15066	-3643
-32037	-6529	2856
-24410	5812	386
30278	10750	-5853
13514	13876	-2126
13514	13876	-2126
19732	14528	2076
-31868	10991	690
-19567	4380	-5853
-24959	-4802	-11876
19310	-15193	-6936
10774	-14628	-219
6503	-10256	4416
-5630	790	6930
-5043	4949	4720
-5221	7196	3420
-6065	5918	3810
-6065	5918	3810
147	6404	8013
16317	8573	7840
26588	9534	5283
32486	7936	3290
32078	4581	4590
24412	608	7883
21078	-701	8360
18382	-190	9010
16769	968	9400
9286	2638	9833
4971	4074	9616
114	5637	8446
114	5637	8446
-1974	7726	6366
1853	11517	3420
9327	13005	-46
18784	13425	-3166
23312	10394	-8366
20128	-1558	-12569
19681	-7762	-12569
22735	-11687	-11529
28154	-13084	-10359
21529	-15470	-6936
12269	-14196	-4509
4012	-12855	-1433
4012	-12855	-1433
-3602	-8436	2163
-7142	-139	5153
-5354	4969	2770
-176	10204	646
3927	12510	3203
4512	11469	6280
16926	12696	5500
13881	12526	-3209
10498	6572	-8366
7684	4091	-8929
23171	2742	-13046
-31800	171	-13739
-31800	171	-13739
-25787	-2329	-12959
-22512	-5859	-10273
-19788	-4055	-7326
-20266	2259	-7326
-31703	8040	-8063
11182	8444	-7196
-4047	9400	2163
-1095	8668	6973
-6882	4826	4070
-7195	-2979	-1779
-1365	-8487	2986
14695	-8966	5890
14695	-8966	5890
29930	-9452	2293
-30843	-11961	-2213
31343	-13926	-9796
21419	-9368	-11963
5312	-2092	-9059
-4219	4605	-2603
8478	13318	83
15899	9702	-7456
6601	-2345	-9579
5467	-13041	-4336
29486	-13575	-2039
-30112	-10559	-11053
-30112	-10559	-11053
28059	-2835	-13393
19035	8012	-9579
9362	13907	-999
7127	7326	8750
26554	873	6626
-25146	-7209	-436
-28112	-12471	-7716
6898	-8257	-8106
-8210	-1349	-479
-5287	5728	5543
-279	10480	3073
11146	13962	2640
-4916	5096	-2429
-4916	5096	-2429
-6501	-2813	5500
20081	-3902	7190
-24330	-8752	-1823
-32244	-13329	-5593
18182	-15387	-7239
5421	-8779	-6979
-3672	5681	-1303
5009	13306	646
23961	13717	-2299
-30827	5718	-10273
22930	-7346	-12873
30877	-14611	-5419
30877	-14611	-5419
-24767	-10785	-9449
22844	-9906	-11703
-3073	-7339	-3946
-6051	5246	3983
3080	10670	126
17377	11023	-6676
12378	1963	-10836
14541	-10160	-10403
19271	-14437	-8019
25985	-14683	-3253
27948	-10366	1990
-31712	3611	4893
-31712	3611	4893
28245	11501	3160
13001	13175	5023
293	9514	7840
3808	-1694	9183
20164	-8772	5586
-29755	-8432	1166
-25698	2686	906
23523	12565	3810
25437	10267	4720
29283	7718	5326
-30659	3873	4026
-27361	1218	2423
-27361	1218	2423
-22493	-1871	-1173
-23003	-6461	-3773
-30222	-9872	-653
25091	-9995	3550
12759	-7059	7190
4446	-4851	8576
-1855	-1567	7623
-4001	3686	7796
11570	11746	6280
28905	12946	-3296
12399	2885	-10099
226	-9072	-5419
226	-9072	-5419
12223	-14291	-1216
15835	-15403	-3859
12580	-13056	-7023
7521	8661	-6199
679	7082	-4076
-1078	953	-5419
4363	-4533	-8063
25435	-3619	-14433
-23779	-6666	-8973
-23813	-4910	-1346
32171	-5733	3333
32171	-5733	3333
17081	-2509	8836
2827	-3407	9400
-6166	-44	4893
-5872	5451	1903
-4513	7386	4720
15451	9886	6973
28960	11236	3810
-32346	11371	-956
20076	11707	4113
2037	8850	7840
-3145	4248	8836
1929	-543	9140
1929	-543	9140
12617	-3763	8706
28979	-6374	5240
31001	-4843	4156
32614	-879	5283
-30693	5447	4113
31140	11770	-306
26937	12767	906
25019	11691	3246
31692	9792	2986
-22249	6267	-3816
-21222	2726	-9059
-26679	-1134	-12439
30040	-3880	-13566
30040	-3880	-13566
16684	-4062	-12006
10890	-770	-10706
10041	2030	-10186
8463	3799	-9189
5004	459	-8843
5627	-4648	-9493
8206	-6765	-9536
4255	-9547	-7153
1572	-11082	-3859
185	-11185	213
-2607	-8060	2726
-7087	-3359	2900
-7087	-3359	2900
-6733	929	1166
-4332	755	-2906
-343	-4154	-5463
5307	-8023	-7456
10442	-8415	-9493
5479	-2306	-8626
-6940	1831	-1606
-2880	7105	6323
22113	11327	5153
29929	7110	-9233
-4908	-2104	-4856
7	-5682	6756
7	-5682	6756
16204	-40	8750
20872	-5868	7493
14936	-13595	2336
13126	-14097	-5159
10637	-9254	-9319
8912	-201	-10446
16505	5888	-10663
15701	9923	-8063
16745	11779	-5939
22522	11257	-7239
-26111	7890	-8409
-23542	4855	-8366
-23542	4855	-8366
-20345	-1059	-9536
-20620	-3133	-7196
-27555	-6006	-89
18693	-9805	6063
5713	-11332	-1736
23924	-2353	-14259
29963	11775	-4943
22658	12954	-3469
12977	12681	-3859
8142	11719	-2516
598	11276	-89
-1107	10611	2336
-1107	10611	2336
-564	10136	4850
-1706	8430	6713
-2673	4299	8620
-348	1087	8620
1570	-1642	8360
5450	-4290	8403
10523	-6660	7840
5864	-5532	8316
-130	-3166	8663
-5260	1894	5500
-7092	4379	3246
-4864	6112	473
-4864	6112	473
-2104	4099	-3643
2290	2129	-7196
13156	-1684	-11616
29678	-4865	-14129
32191	-8767	-13003
28349	-11366	-11573
29591	-13539	-9796
-27267	-12217	-7196
-22475	-7074	-4596
-18764	526	-3946
-25474	6873	-7066
5357	9243	-4683
5357	9243	-4683
-5459	8332	3723
9818	8632	8056
24863	4929	6670
19419	-9829	5976
22513	-15616	-5853
-24560	-8850	-10879
-20186	-514	-5723
-29382	9717	-4769
14575	10596	-5203
-4971	8688	776
-9158	1692	4763
20614	-8407	-12699
-22883	-5352	-9839
-22883	-5352	-9839
-23744	-5009	-3729
-25726	-3569	-89
-25612	-4044	603
-19722	-5107	-4293
-19411	-3180	-9189
-25050	-501	-11746
17566	-1759	-12093
4654	-3449	-8149
1856	3834	-6026
6153	6552	-7023
6689	3276	-8669
7009	-2638	-9839
7009	-2638	-9839
16507	-6499	-12613
28437	-7231	-14476
-29239	-4952	-13436
-25688	-2693	-12873
32169	-1918	-12873
19991	495	-12353
16900	2968	-11616
20662	9761	-9059
25671	12420	-5419
30091	12902	-2646
-30218	11351	-3253
-23904	5773	-8453
-23904	5773	-8453
-24569	2066	-11269
-25062	-810	-12266
-27658	-2072	-12829
-31272	-2638	-13479
21877	-2867	-12699
10895	-4850	-10836
1722	-4316	-7066
-3361	-2987	-4639
-6916	-2473	-1346
-3690	-5476	5283
21277	11204	6930
23241	13456	-2646
23241	13456	-2646
17605	13927	690
657	8798	8663
2729	2797	-5159
25931	6754	-11746
-20726	680	-5809
-21095	-5851	-5593
-28571	-11786	-6026
-32102	-12143	-2473
-32073	-5369	3246
31647	2151	5630
22384	8640	7276
13589	12807	5500
13589	12807	5500
7600	10077	-4466
-2507	1606	-5463
8132	-6405	-9233
17196	1729	-12093
14019	7205	-9493
14807	8202	-8886
24956	7391	-10836
-29404	3874	-12353
-22803	-86	-11443
-20912	162	-7499
-25182	3521	-696
31931	7192	4416
31931	7192	4416
26594	9891	4763
22127	11960	4633
25062	10607	5153
30697	8043	4893
-27941	6243	1556
-22868	5179	-2733
-24297	5776	-2776
-20592	5397	-4769
-28159	3929	-11139
-29527	3431	-12959
-24058	5033	-8929
-23577	3323	-3036
-23577	3323	-3036
-26530	1400	863
25396	9728	5586
22197	12740	3636
20295	12700	3896
16451	13693	4286
18127	13757	2293
22003	13555	950
27261	13899	-2039
32329	12095	-4986
-29946	10240	-5896
-24990	7593	-4033
-25700	4601	-393
-25700	4601	-393
-27782	1732	2076
32080	391	4460
21825	1728	8533
17067	6654	8923
20195	11770	5760
25341	13579	430
-30789	10402	-6719
-25964	5413	-8756
-21331	2861	-7153
-21121	-1004	-4683
-21212	-1016	-2906
-20457	3209	-4466
-26450	7803	-7716
-26450	7803	-7716
21335	8171	-8193
-4580	3541	-2646
-7731	-1673	1166
-2172	-7086	-1606
14381	-9218	-10403
-25168	-2626	-12829
-21577	-762	-11486
-21070	-3457	-8583
-26898	-11462	-7066
17975	-10025	-10923
10882	-2804	-10446
5295	3897	-8019
5295	3897	-8019
11486	7245	-9146
14336	10200	-7456
16347	6220	-10056
4209	-3742	-9016
-193	-10235	-2993
3819	-12614	256
10606	-13682	-3036
18445	-11774	-9623
30443	-6017	-14086
-25461	28	-13046
-25414	6228	-8409
-32337	9551	-7196
-32337	9551	-7196
27756	10434	-7413
25704	11217	-7586
24571	6612	-11053
19411	-616	-12569
18277	-6583	-12309
18428	-9973	-11746
18511	-10080	-11529
16216	-7516	-11269
5648	-3647	-9276
-2290	-438	-5246
2719	3929	-6893
17636	4143	-11573
17636	4143	-11573
24985	-711	-13523
15141	-7754	-11529
11896	-13598	-6373
-30675	-13234	-4639
-23133	-7520	-10879
30860	-988	-12309
8993	5797	-8366
-5132	8348	3983
-3380	4537	8273
-3210	-3763	6886
6454	-10892	-5593
-32193	-11109	-11443
-32193	-11109	-11443
-22455	-8438	-9579
-22388	-2804	-11053
32534	2252	-12006
12550	9595	-7239
3098	9634	-2646
-2304	5143	-2863
1050	-316	-7023
9400	-7794	-9449
19964	-11829	-11443
31419	-11619	-11486
-25740	-9946	-7803
26917	-10968	3030
26917	-10968	3030
7602	-11249	5240
-4378	-4756	430
-2703	4676	-2949
17558	14473	-2169
-11933	4435	2640
3609	-3736	8403
10988	-6153	8273
11800	-12559	3290
24441	-15098	-7803
-30339	-11806	-8323
-21704	-8296	-6026
-19937	-3243	-9016
-19937	-3243	-9016
13725	-1827	-11529
474	3355	-6156
3556	11541	-1953
12134	14342	3420
16932	4743	9226
3981	-1765	10136
15583	-9967	5066
24524	-9876	3983
-22788	-9519	-4423
-29300	-11806	-7716
20535	-15407	-5289
10059	-12966	2206
10059	-12966	2206
25359	5934	7710
21243	13836	560
9318	14362	1470
15098	13242	5066
27059	386	6670
27118	-4998	6020
32497	-9310	1600
-29333	-12202	-3296
22710	-14271	-1953
23506	-7637	4676
-29460	4767	3853
28176	12871	-1953
28176	12871	-1953
6868	11581	-1606
-6252	2710	993
3068	-3050	-7499
26428	-5562	-14043
-24558	-7568	-11053
30574	-10778	690
16680	-7063	7580
3454	1098	9876
221	8601	6323
17467	12581	4676
12397	4691	10050
4252	-6727	7796
9912	-13947	40
9912	-13947	40
25753	-14666	-9059
-29533	-12273	-8409
-30172	-11051	-2733
23628	-13116	1860
-1947	-8562	83
-629	399	-5419
2107	9729	-3513
10560	9508	-5939
-1698	-7902	4113
13306	-12966	2206
19367	-14821	-4163
-32757	-13638	-7326
-32757	-13638	-7326
-27119	-9559	-1736
-21471	1211	-8929
3869	-901	-8756
-8709	1926	2380
2873	10955	6020
-1304	8546	-956
1433	1804	-6763
12093	-2424	-11486
21818	-6040	-13566
25589	-13396	-9883
28817	-14026	-6113
-27301	-10417	-3859
-27301	-10417	-3859
-20646	-5448	-4726
-30093	5532	-9536
16014	8709	-8453
10881	11791	-5289
13264	14354	-783
12699	10464	7060
5206	4371	10093
-1498	-163	8100
-6306	-364	4936
-3784	4668	256
4920	8337	-5159
14908	8986	-8453
14908	8986	-8453
25116	5492	-11703
29528	-4841	-13436
28045	-12747	-10749
29120	-14164	-5203
-27068	-8261	-1649
-18328	-177	-5506
1027	-2666	-5289
15530	-8541	-11573
23363	-8363	-12136
19854	-11042	-11399
19854	-11042	-11399
17639	-12344	-9883
14271	-12439	-9016
6140	-9384	-6763
144	-5384	-4899
-3990	514	-2776
-3130	2852	-2733
3778	3692	-7153
13216	3166	-10489
18459	479	-12613
18996	-5071	-12656
10506	-12158	-7586
10835	-13776	-5809
10835	-13776	-5809
13586	-13250	-7326
14642	-10547	-9796
18134	-2768	-12136
18243	3989	-11529
19716	9682	-9146
26271	10648	-8453
-32132	8064	-10403
-28699	-359	-12439
-31604	-4992	-13176
30795	-7176	-13263
27339	-6025	-13306
20673	-2092	-13306
20673	-2092	-13306
16908	1116	-12309
17097	3862	-11183
18984	7886	-9839
26015	11265	-7413
29770	12815	-4379
-30765	10659	-2343
30356	8913	3420
24025	13274	3160
26418	13994	-1086
26990	12103	-5766
29536	8677	-9579
28663	2461	-12656
24722	-3310	-13306
24722	-3310	-13306
19698	-8323	-12396
11849	-11734	-8669
3440	-9726	4330
13831	-1223	8880
17898	4145	9270
10190	5771	9746
-4463	3156	7883
-7383	367	3766
-7400	-1863	473
-4967	-5266	-1433
-1995	-7565	-2343
3425	-10619	-5203
3425	-10619	-5203
16324	-9890	-10836
-24215	-727	-11963
-29029	7252	-219
22549	-2517	7796
3227	-8290	7753
-4655	-5286	516
5636	-1095	-8453
7496	6896	-7586
3729	7573	-5723
-5885	7058	83
-1350	8541	6106
20436	11196	5890
20436	11196	5890
27400	13860	-1779
28881	6913	-10359
17504	-4402	-13046
15436	-14362	-6936
-28175	-12748	-6503
-20790	-6318	-6893
-24873	5168	-8843
30587	8986	-8453
14645	14315	-2343
787	11624	4416
-5458	5043	7493
-5458	5043	7493
12627	-1619	8446
31782	-3391	5413
-23002	-6247	-1779
-24109	-10294	-7456
23754	-15367	-4943
21800	-12345	1643
-25461	-1871	1860
-23200	6900	-5549
21381	10260	-7239
14177	13191	-3209
6603	12834	4590
-4333	4406	8403
-4333	4406	8403
1880	-9714	3160
24357	-10901	2466
-26154	-8760	-1649
-25092	-11038	-8149
24021	-14663	-7629
3729	-12661	-1736
-3462	-4736	5153
290	4719	8533
12076	13420	1470
16182	10825	-6589
25423	5227	-12266
-27653	-374	-13306
-27653	-374	-13306
-24619	-9151	-6113
30925	-11059	-133
14562	-11419	5023
-661	-9353	1643
-478	803	-5159
1201	9986	-2169
-3726	8902	3983
4708	6958	8013
19375	4667	8143
30131	-5520	5326
24320	-11273	3333
19934	-14050	1080
19934	-14050	1080
17537	-14972	-1476
19879	-15323	-5593
23969	-14484	-8193
28914	-13804	-9146
-30849	-12815	-10186
-23392	-8973	-7283
32275	-8071	1470
3295	-8365	7883
1875	-3260	-5636
12794	1721	-11313
12363	-2476	-11269
9723	-1672	-10359
9723	-1672	-10359
12477	1013	-10663
25058	8309	-10923
27787	11609	-6156
19897	14168	-1259
8228	13413	-783
-1105	11398	2986
-5597	7469	2596
-4970	4577	126
-3375	1357	-3339
3942	-2567	-8366
17741	-5221	-12396
25213	-6480	-13956
25213	-6480	-13956
29774	-7682	-13696
32370	-9269	-13219
31819	-9768	-12613
31906	-9269	-13219
26022	-9752	-12353
14618	-10183	-10489
-265	-8661	-4119
-5585	-6208	386
-6401	-2987	2033
-6763	1724	1643
214	6948	-3556
6482	8954	-5333
1713	3256	-6719
1713	3256	-6719
-524	-4359	-6416
3300	-11759	-2689
11054	-13108	1080
19058	-11648	2770
26229	-9053	3550
-32095	-3205	4070
-26476	8506	-1909
31537	11799	-5463
22283	13654	-3339
21051	14212	1730
16890	5308	8663
19800	-871	8750
19800	-871	8750
29489	-2980	5500
-24384	-3494	386
-18201	-4173	-7759
-22361	-3845	-11009
-30233	-4675	-12829
21444	-6816	-12959
7028	-9934	-7153
-1264	-9979	1990
18334	153	8446
31739	11058	2553
16218	14093	690
2476	11544	5543
2476	11544	5543
-3791	5855	1556
11306	4337	-9449
-25214	1365	-11399
-21865	-5744	-7023
-28704	-11976	-6719
27997	-15003	-5636
9436	-13535	-4119
-505	-7501	-4336
-1755	2085	-4726
-263	9907	-1043
12924	14291	2423
25029	6246	6626
25029	6246	6626
-31682	834	4460
-25466	-5990	170
-28919	-10584	-2039
-31122	-9686	-783
20549	-6078	7536
-3482	-3035	7320
-2084	-2500	-4076
14602	-3710	-11529
14821	5029	-10359
24325	5196	-12179
26378	5279	-11876
16529	-2954	-12006
16529	-2954	-12006
5649	-7972	-8886
-4457	-8289	-739
-4466	-3249	6540
6206	5126	9616
9753	4731	9790
10643	3346	9790
11554	1059	9530
12523	-2952	8836
12394	-5014	8186
9898	-7451	7580
6075	-7811	7276
4256	-4657	8273
4256	-4657	8273
1438	-3443	8663
-2023	-2794	8403
-4308	-800	7796
-4560	2258	7233
-4313	5542	5066
-4048	7521	4200
-3441	7873	4676
3834	11936	4546
8012	12981	-133
16927	11308	-5636
16653	7364	-9319
25765	3894	-12483
25765	3894	-12483
-24575	-2693	-12873
-23615	-6710	-8323
-27271	-8926	-1649
-31792	-5033	3463
31496	6860	5630
24471	13836	-46
2036	10133	-1433
-9355	3726	3896
-50	-9037	4416
13855	-13650	-5549
30041	-11707	-11399
-26530	-8814	-10749
-26530	-8814	-10749
-22238	-7995	-8973
-25699	-10647	-6719
29630	-14936	-5593
19767	-15470	-6936
6166	-10199	-6503
-173	-834	-6286
3328	4416	-6936
10460	6078	-8756
19271	4040	-11746
14510	-7089	-11529
8089	-11513	-7456
6279	-11889	-4379
7033	-11818	-5333
7033	-11818	-5333
12282	-6413	-10879
20185	907	-12873
25703	6240	-11399
28239	9690	-8713
30082	9472	-8496
-32160	6786	-10619
32416	1524	-13046
28770	-3639	-13696
23904	-8252	-12743
19210	-10595	-11183
12187	-9079	-9493
8216	-6152	-9319
8216	-6152	-9319
1431	1828	-7283
2034	4728	-6199
5426	2714	-7889
7076	-1823	-10099
5186	-11766	-5549
10764	-12820	1730
24029	-9868	3810
-29752	-4875	2423
-18077	-2987	-5246
-5657	-5669	-4119
12820	-171	8273
27235	13476	-349
27235	13476	-349
3251	6940	-5203
1299	9262	-1779
9211	12827	-1909
11234	13808	3896
1990	10500	6583
5197	8427	-4423
20455	10529	-8279
-31873	9686	-7716
-24673	6105	-6633
-21574	-3421	-9059
-26053	-9543	-7543
31033	-12566	-2603
31033	-12566	-2603
25799	-10549	2943
1459	-4705	8706
-6069	695	3550
-3187	8811	2640
12688	14152	906
-30141	9717	-2343
-25928	-597	646
31816	-10980	1166
-31152	-10794	-783
-30372	2167	4070
21443	6970	7450
9615	6729	10006
9615	6729	10006
2458	5419	9876
1833	1834	9530
7271	-4325	9486
12547	-7190	7320
17349	-8167	6583
23808	-2932	6886
-28914	8680	950
-32493	11043	-4986
29438	11902	-5289
29090	12451	-2473
29793	10089	3463
29287	6939	5716
29287	6939	5716
-32456	5673	4330
-26589	4668	2076
-22777	4043	-1823
-21267	3284	-4596
-20258	3189	-6156
-22770	4803	-6936
-25793	7268	-7846
-30216	9334	-6979
31774	10968	-6069
30492	12321	-4163
-32376	11862	-3209
-29609	10228	-2299
-25830	6864	-1433
-22030	4783	-3166
-22298	2805	-8366
-25161	-2483	-12309
-25315	-9056	-9406
-31330	-9199	-219
25289	-1421	7146
17629	11988	6150
13368	13998	343
9826	8467	-6503
15987	1259	-11789
31088	-5957	-13869
-30283	-9566	-11876
-30283	-9566	-11876
-25870	-10397	-9449
-22656	-7663	-7759
-20360	1618	-7239
-26382	8404	-3903
27075	12526	430
15823	14310	2293
5742	11589	-1173
7289	8487	-5419
10200	3803	-9579
20125	368	-12613
-28678	-4201	-13523
-25260	-8335	-11226
-25260	-8335	-11226
-28756	-11798	-7283
25724	-15245	-3079
15081	-15767	-1346
1057	-7921	-4856
1449	1187	-6589
3231	9159	-4379
7401	13476	256
22325	12728	-2473
-9174	4921	170
-6967	-2192	6150
-2670	-4958	6973
6025	-12388	-3166
6025	-12388	-3166
18587	-12795	-9709
29813	-11422	-12179
-30819	-11627	-10706
-28634	-11849	-5853
-31580	-11727	-956
30324	-6572	3506
24123	-139	8186
10949	9083	9096
3263	11315	6323
-2042	10334	2336
-2268	5887	-2776
-7386	-4495	3203
-7386	-4495	3203
25313	-2663	6453
-17346	-2417	-4379
-29981	-11584	-8929
32085	-13318	-4336
-19030	-2464	-3946
-26588	3719	-9883
13326	5824	-9276
55	8902	-2689
9352	12292	5240
30656	10860	3246
-24452	5994	-2386
-21819	-276	-3036
-21819	-276	-3036
-30280	-9397	473
29224	-13911	-1649
20258	-14810	-1086
9652	-11289	4286
-29674	7734	3766
15682	9642	-5853
-4974	6528	-436
2819	12249	5283
25614	7964	6020
28847	236	6323
27775	-9484	4200
21294	-12127	2640
21294	-12127	2640
16982	-13429	2336
13347	-9848	5500
15054	-2010	8836
22959	7548	7536
25281	13772	1340
9509	7893	-6373
-189	1179	-6416
4158	-4893	-8366
17655	-7342	-12049
-26956	-6270	-12179
-21980	-4897	-6763
-22117	-625	-2083
-22117	-625	-2083
-25667	5594	-609
25197	13452	170
15701	14857	40
17386	12831	-4119
28082	13468	-3816
24442	2155	7060
17626	-7490	7233
17199	-12119	3073
19376	-14995	-1563
21021	-15015	-7499
28345	-11398	-12093
-26123	-8767	-4509
24695	-6252	5890
24695	-6252	5890
1852	-10204	560
4192	186	-7413
7133	5856	-8149
7151	10631	-4466
-461	6671	-4163
-6899	-4340	2553
7247	-9469	5066
15746	-13603	690
24539	-15427	-3946
25650	-14141	-869
20045	-11550	3333
11634	-6770	7840
11634	-6770	7840
5427	588	9833
11595	10943	7796
7234	12047	6366
7713	12735	5846
13362	13733	4633
31977	12985	-1736
24687	9931	-7629
-1267	471	-6373
-7386	-5171	-479
895	-7494	5803
4266	-10644	4416
10132	-13551	-1346
10132	-13551	-1346
14051	-14793	-5073
13405	-14109	-6416
5390	-11406	-5246
-1967	-7470	-3209
-5343	-522	-1909
3367	8277	-4769
12348	8614	-8193
18772	4309	-10966
14202	-3231	-12006
12189	-7358	-10489
15316	-12003	-9449
20761	-11671	-10663
20761	-11671	-10663
27734	-8573	-13306
28032	-2661	-13566
16580	6541	-10099
6471	7913	-6503
-2312	4214	-4033
-5438	-1816	-2993
-60	-10845	-1173
6677	-12930	-1303
13219	-14536	-4336
15617	-13503	-7846
23289	-7204	-12959
22674	-738	-13219
22674	-738	-13219
22414	4463	-11616
13106	7625	-8973
-5047	5559	-1953
-8631	3568	4330
4973	5154	8706
24348	5455	7580
-28652	-621	2986
-29466	-4091	2856
29209	-6841	4546
20296	-5136	7536
10348	4640	10266
7305	10472	7493
7305	10472	7493
11081	12696	5500
18328	10888	6583
25858	5439	6713
25295	5669	7146
21251	8145	7493
17914	10239	7450
16132	10824	6756
13471	9815	7320
14616	7916	8273
9138	6005	9790
3009	1177	9963
4699	-5659	8056
4699	-5659	8056
10524	-7111	7406
17798	-5951	7190
25549	-2086	7146
23196	2258	7840
8073	1921	10656
-5488	-1907	6583
-3573	1511	-2169
11509	5227	-9233
4977	554	-8496
-5122	-5048	-4076
-4514	-7229	3333
9319	-7415	7710
9791	-7364	7493
9791	-7364	7493
7466	-7811	7276
4206	-6406	7753
-726	-5710	7060
-6655	-3181	5976
-7111	-1013	5196
-7836	-855	4763
-7836	-2319	3463
-4920	-6679	1296
-472	-9852	-783
1723	-11241	-999
-964	-10972	993
10662	-13377	1513
10662	-13377	1513
16094	-14524	-6113
9198	-6060	-9796
-283	2667	-5636
-3737	6227	-1736
-6304	6187	3983
-3686	3259	8056
15934	-2837	8446
25635	-6620	5760
27596	-9860	3030
23644	-11910	3030
9110	-10948	5326
9110	-10948	5326
-2097	-7862	4460
-5792	-3695	-349
-5047	2045	-1433
-6088	6686	1556
2445	10528	6280
15740	11940	5976
28357	10104	3723
-32500	5902	3550
28574	-4519	5543
24713	-10936	4156
22838	-13132	1600
22264	-14912	-1259
22264	-14912	-1259
24482	-14560	-8669
-28482	-4545	-14173
31318	7034	603
-1273	624	9963
9792	11866	-5419
22956	13302	-4423
28037	6208	-11313
13496	-7453	-11443
18497	-14924	-4336
24806	-13009	430
-21135	-5499	-2083
-23701	-2040	-10489
-23701	-2040	-10489
5596	-5079	-8843
-1087	542	-4899
7241	8020	-6113
19175	12815	-4986
29630	12799	-1606
-21806	4680	-3946
-21533	-1791	-9579
-27692	-6634	-12093
29420	-12545	-10619
17928	-15581	-3296
16885	-12143	2380
32441	-6596	3420
32441	-6596	3420
-21908	2975	-1476
-31328	6968	-9146
23243	10109	-8193
17059	12681	-3859
8242	12672	1166
-5176	6381	4286
-6098	-593	-956
2756	-7026	-6849
17543	-11790	-10489
31996	-13737	-7283
32423	-12475	-1866
19067	-10652	5196
19067	-10652	5196
-2207	-6703	5456
-822	9211	-956
11464	14006	2596
-30892	9024	993
-24178	209	-46
-29733	-8839	83
28916	-13049	83
30284	-12629	-609
-32033	-8412	1643
27949	-412	6583
11705	4311	9876
2423	3279	9746
-3907	307	7796
-3907	307	7796
-988	-3557	7840
24120	-2885	7060
-23145	213	776
-20005	2687	-6979
-28731	2283	-11486
24953	4871	-11746
26485	7601	-10879
28149	8618	-9796
28003	7569	-10186
23530	2671	-12093
24934	479	-13219
29409	-1763	-13523
29409	-1763	-13523
26631	-5111	-13003
13578	-6883	-10576
10783	-3892	-10576
8572	1919	-9579
4776	4617	-7413
9805	-664	-10316
14175	-5400	-11833
22814	-2681	-13436
22339	1908	-12656
14767	4938	-9883
2525	6378	-5029
-2884	4843	-2949
-2884	4843	-2949
-5353	1938	-1823
-6401	-589	-1346
-4345	-2749	-1953
-3148	-4771	-3469
-109	-5095	-6069
5261	-5281	-8366
14298	-7726	-11833
20322	-9265	-12396
24903	-9827	-11616
29125	-9878	-12613
32010	-5447	-13219
32269	-1201	-13696
32269	-1201	-13696
29423	4218	-12309
23387	8547	-9449
11325	9607	-6589
5900	5005	-7413
5840	-1613	-9536
11166	-6883	-10576
29122	-9910	-13133
-25360	-7667	-11616
-19644	-3861	-8843
-22204	3965	-6763
-31356	9508	-7153
2963	9333	-3339
-5201	5258	-219
-2198	-1384	-4856
9641	-7062	-10013
32439	-8624	-13696
-25171	-5439	-12179
-21262	-5649	-10316
-24528	-10096	-8756
26254	-12842	-9883
10369	-8280	-9406
5860	-161	-8886
10005	7142	-8106
24458	10802	-8496
24458	10802	-8496
-29789	7925	-9493
-23946	1440	-10316
-24834	-4450	-12006
22909	-10452	-11269
11439	-10472	-9319
5143	-6888	-7759
4053	-1677	-8149
5727	4997	-7846
9841	6295	-8366
14768	5073	-10403
23923	2489	-12959
30290	-552	-13956
32557	-5554	-13003
32557	-5554	-13003
21765	-9139	-12136
7736	-10714	-7976
1663	-10552	-3946
-2884	-8736	2076
15304	-4752	7320
-29643	11307	1643
15255	7514	-8366
-3135	8914	386
7579	13345	993
12655	12799	4460
3936	3892	10570
10013	-12241	-5463
10013	-12241	-5463
30217	-12905	-11529
-30676	-11984	-5333
32055	-11621	40
23665	-5041	6670
8248	362	10830
-3418	5574	7406
2480	10753	1643
25351	13808	-1563
-27848	7402	126
-25837	-67	560
-25993	-7292	-739
-28979	-11268	-2516
-28979	-11268	-2516
-26669	-11466	-6069
-23411	-9333	-7586
-27346	-1673	1166
7323	5158	10136
-5795	4347	5760
-7371	146	1340
-3990	-3731	-2906
-1140	-10730	-2776
11051	-11530	2596
25203	-7225	4763
-24690	2615	1860
-26631	8341	-6763
-26631	8341	-6763
17706	7265	-9883
12339	9093	-8063
18481	9441	-9016
26316	6814	-10923
-30910	-1573	-13436
30966	-7809	-12743
19088	-12142	-10359
8083	-13333	-5203
-2393	-7581	4070
-4385	-1563	7233
-213	3223	8533
16321	4145	9270
16321	4145	9270
22671	14061	-1043
14566	12764	-3556
879	11545	1903
-1283	9063	7406
-4906	-1631	7190
15556	-13297	-8713
32433	-12775	-9839
30501	-12198	-1259
20996	-10347	4286
-1998	-1852	8403
-4180	6508	2120
8631	13630	-393
8631	13630	-393
26144	13282	-2473
-22913	1479	-2689
-25911	-6508	-913
-28654	-10125	-1173
-29727	-11264	-2299
-25706	-9753	-3859
-22765	-4364	-1779
28711	5273	6106
11829	8402	9443
-5084	4794	7796
-6196	-3494	5240
635	-10501	1296
635	-10501	1296
9705	-13698	-869
16886	-11490	3550
27922	-3538	5890
-26499	7260	1426
31643	10248	-6676
19930	9203	-8669
18034	11300	-6676
27068	11031	-7456
32694	8483	-9276
-28141	4459	-10619
-24721	-1467	-11833
-25988	-4774	-12179
31162	-7928	-13176
31162	-7928	-13176
17446	-10065	-11269
8872	-10468	-7889
6479	-10908	-6459
4150	-10777	-4769
932	-11256	-1259
2534	-7486	5630
16483	-3261	7710
-31615	9329	4330
15496	10453	-5723
-4349	9460	1773
7146	11988	6150
17143	11157	6150
17143	11157	6150
19030	5890	8360
9024	-8171	6973
9704	-13405	-2429
26092	-11528	-11963
-22176	-3845	-11009
-22693	2156	-3859
-28220	8878	-349
-32302	12008	-3079
19556	12404	-3859
7278	10228	-4726
14582	9476	-8279
-32583	9892	-8583
-32583	9892	-8583
-31952	6729	2120
25730	-4380	6453
13426	-11890	4720
12457	-14501	-1173
15436	-14845	-1823
23996	-15221	-2386
-30195	-11510	-1779
-31610	-2429	4070
19448	5265	8706
10861	9024	8880
4877	12035	3896
2671	12000	733
2671	12000	733
-2259	9903	2986
-6670	5329	4893
-5664	6227	4936
3069	10171	6193
5310	11897	6020
4018	11735	3810
2439	10643	430
5365	11355	-2429
9261	11276	-4943
16595	11419	-7456
29453	11577	-6676
29453	11577	-6676
-30518	11308	-5636
-28590	10002	-5549
-30031	10528	-4639
-30960	10912	-2429
-32308	11426	-2776
-31785	11007	-3903
30935	12063	-2473
29233	12973	1253
-32523	11050	906
-32149	9416	2423
-30435	8747	993
-30402	10168	-1303
-30402	10168	-1303
-30548	10876	-1953
-31430	10849	-436
32279	11102	690
-30757	10069	560
-30217	8874	646
-28870	8744	170
-27615	8083	-219
-26987	9278	-1519
-27989	8546	-1563
-27783	8894	-2516
-26763	9333	-3339
-26763	9333	-3339
-26697	9270	-4986
-26654	8095	-6849
-26943	8000	-8409
-28510	6113	-9839
-30830	4503	-11876
-32264	2806	-12613
31941	1722	-13133
29095	566	-13306
27040	-2194	-13479
25846	-1977	-13696
26764	-3176	-13826
26124	-4746	-14303
24268	-4881	-13783
24268	-4881	-13783
23450	-5162	-13393
24067	-5209	-13566
23562	-4723	-13609
23513	-5910	-13696
22405	-5237	-13263
22147	-5103	-13176
20379	-5043	-12959
20151	-5423	-13133
18627	-5601	-12569
18030	-6151	-12959
16874	-5799	-12483
17440	-6052	-12396
17440	-6052	-12396
17571	-6290	-12656
17075	-5245	-12483
18572	-5253	-12916
19550	-5407	-12873
20234	-5304	-12699
19847	-5194	-13306
19824	-5213	-13176
21036	-4992	-13176
19507	-4976	-12916
20526	-4446	-13003
20025	-4885	-13393
19657	-5360	-13306
19657	-5360	-13306
20696	-5506	-13436
19747	-4153	-12743
20070	-4169	-13003
21107	-4371	-13133
19733	-4572	-13263
20253	-4505	-13219
20534	-4169	-13003
20541	-3892	-13003
19079	-4513	-13046
20651	-4679	-13046
19926	-4656	-12959
19903	-4675	-12829
19903	-4675	-12829
19732	-4707	-12743
19342	-5067	-13046
19337	-4422	-12916
19127	-4723	-13003
19249	-4481	-13133
19443	-4509	-12829
19986	-4422	-12916
18685	-4027	-12483
19268	-4121	-12829