-4576	2819	8779
6012	7675	969
5570	3716	7663
-3355	513	10387
-3355	513	10387
-5802	-5307	5793
-6501	-6712	-2213
-7051	604	-4608
-2365	6026	-5920
-28	8670	-2672
739	9534	1691
4348	7090	5760
7750	6200	3693
8847	5484	-933
5084	4223	-5855
-6361	-3366	-5395
-8646	-5819	-1753
-6335	-7101	4546
-6335	-7101	4546
-2925	-3424	9402
-1673	4435	8976
2450	8843	3430
665	9844	1822
-4251	8174	4448
-8023	4273	5071
-9920	-1596	3496
-6407	-7015	4940
-1125	-6149	7663
3289	-1738	9238
2902	4505	8648
2435	8865	4415
2435	8865	4415
-781	8882	-1753
-3101	6709	-4542
-4219	1938	-6806
-4917	-2777	-6544
-6966	-7019	-2180
-8408	-6090	-80
-9140	-5411	1101
-8409	-4753	-375
-6874	-3300	-4116
3052	-8943	1101
-5102	-5894	7040
-4816	-8268	-1359
2038	-8805	-3098
2038	-8805	-3098
5340	-3967	-6544
85	8220	-3919
2268	9761	1527
3994	5326	7565
-2903	433	10255
-6149	-7866	1166
-68	-8852	-3492
4358	-3362	-6938
3675	3004	-7200
1830	6809	-5231
-1042	8779	-2934
-1600	8810	-1523
-1600	8810	-1523
-529	9439	-867
1774	9387	-1491
3567	8274	-3197
3845	3119	-7200
361	-2994	-7659
-3786	-4806	-6281
-8001	-6437	-1917
-9380	-4236	2151
-7732	4553	3857
-4358	8918	3365
-623	9787	2708
-1283	9578	3693
-8047	5855	3726
-8047	5855	3726
-9376	1875	4283
-9132	-2594	5235
-7364	-4335	6383
-6762	-2310	7696
-4329	3154	8319
-1067	5911	7991
415	7881	6810
-2859	8866	2741
-5483	5290	-4477
-4351	-5483	-5658
-9156	-4910	-539
-8615	59	5465
-8615	59	5465
-10085	69	4218
-8948	-713	5268
-9385	-1897	5498
-7888	-1404	7007
-6405	-1341	8090
-6092	-2955	8024
-6273	-6996	4087
-5281	-8215	-703
-2051	-7530	-4477
-420	-4713	-7299
-892	335	-8119
-223	5986	-6019
-223	5986	-6019
1880	7824	-4477
4312	8489	-408
2727	5108	8123
-2153	3838	9730
-8809	-1632	5333
-7229	-6290	3037
-5097	-7853	-1720
-3320	-6280	-5231
-2359	1999	-7495
-976	7670	-4509
1693	9973	-1031
1833	8407	4546
-3589	5946	7860
-3589	5946	7860
-9397	-4183	-670
-3088	-9563	-933
4285	-6703	-5264
2887	4325	-6478
295	9732	247
-3340	2897	8844
-460	3874	9632
285	6788	7729
1752	8948	4710
813	9529	-277
-1481	6961	-5297
1385	3884	-7299
1385	3884	-7299
4485	-569	-7364
3682	-4311	-6478
-939	-8822	-3853
-5565	-6468	-3328
-8617	-1043	-2738
-7924	4572	-2213
-3993	7572	-3722
-1689	7878	-3755
-4831	8200	-1327
-8225	5513	412
-10204	2831	2380
-9851	-691	4480
-8423	-1544	5858
-8423	-1544	5858
-8573	2192	4710
-7856	5543	3496
-4828	7817	3922
-4757	7716	-670
-3912	1890	-7233
17	-4645	-7659
-1342	-6710	-5559
-6532	-3434	-4969
-8649	-2655	-2738
-7181	-5123	-3230
-6836	-5924	-3033
-7461	-4885	-2902
-7461	-4885	-2902
-7758	-5470	-1589
-3828	-9454	543
184	-9715	-834
3395	-7981	-4017
5152	-4995	-6150
5639	-1284	-6708
4668	4263	-5822
2745	7129	-4673
-247	8609	-3689
-2085	7759	-3919
-2658	385	-7561
-3790	-3509	-6642
-3790	-3509	-6642
-4828	-7597	-4017
-3212	-9421	-1458
-635	-9915	543
3913	-7161	-5166
2448	-3370	-7299
1936	1146	-7889
1522	5918	-5625
927	8986	-2245
-2690	9239	510
-6505	7078	-14
-8887	3917	-605
-9803	-1082	-1031
-6492	-7168	-1983
-6492	-7168	-1983
-1713	-8985	-2573
3215	-9324	-2278
6457	-6501	-3066
6237	-2691	-6117
1988	950	-8053
2067	-2617	-7988
1826	-5540	-6511
-1946	-6410	-5888
-6486	-3397	-5067
-6025	3198	-5363
-3836	6000	-5363
-2731	7217	-4148
-2731	7217	-4148
-3934	7239	-3164
-6682	5398	-3066
-9210	2374	-966
-9431	-577	-769
-8971	-1342	-2377
-8030	-792	-3558
-9205	4247	412
-6740	6873	2872
-5096	8205	641
-1721	5363	-6380
4322	-158	-7856
4696	-6153	-4673
-1707	-6063	-5855
-1707	-6063	-5855
-6088	-3060	-5428
-9209	179	-3000
-9933	1123	-244
-10097	511	-145
-9234	-2106	-2213
-6612	-6810	-3164
-1649	-10211	-703
5294	-8832	904
7650	-6637	-2278
6899	-3591	-5133
7728	-189	-5789
7785	2335	-4444
7785	2335	-4444
4969	6730	-3591
162	7593	-4509
-1671	3430	-7003
-3719	-2258	-7364
-4460	-6644	-4313
-1012	-9877	510
4034	-8830	2741
7932	-5782	3430
10301	-3063	1396
9787	2331	-2902
5750	6580	-3427
2044	9347	182
2044	9347	182
2758	7956	5005
9113	207	5235
-3530	-4033	-6019
-8757	-3687	-2541
-5768	-8848	182
-3565	-7595	6482
-6438	-4693	-2902
5866	-7196	-3230
5287	-3458	-6084
-1068	1970	-7069
-3007	6823	-4608
-80	7741	-4739
2191	8490	-3853
2191	8490	-3853
1617	7909	-4116
1306	5316	-6774
4470	1231	-7528
5568	-8259	772
1752	-10365	2741
-3815	-10045	1593
-8605	-5005	2118
-9000	163	-1983
-3474	7275	-5002
1391	8981	-2475
4244	8928	313
3586	8153	5235
3586	8153	5235
831	6866	7794
-9195	1882	2840
-8116	-4032	-2508
-3112	-9446	-834
1725	-9663	3233
8958	-5613	-1097
6873	1699	-5461
2105	8282	-2836
805	9549	2380
-1659	7798	6515
-9295	-156	-834
-6645	-8145	-1031
-647	-9445	2676
-647	-9445	2676
7266	-7558	1199
10158	-1041	-2639
4961	7323	-2836
2568	9493	-145
1663	9619	2085
3337	8789	2741
6458	7254	2741
9816	2095	2085
10146	-2794	1396
3720	-9500	215
-2345	-8830	-2475
-8685	-5083	3791
-8685	-5083	3791
-8700	1094	5399
-6503	6816	2019
-1656	9361	-2672
4167	8422	-3459
5368	3225	-5855
-901	-187	-7430
-6339	-3260	-5789
-7548	-6252	-2213
-8773	-5038	608
-9006	3212	510
-4763	7494	-2016
2325	7928	-4969
2325	7928	-4969
7447	5053	-3066
9276	1962	1265
7044	2086	6876
1309	3376	9665
-5704	4124	7040
-9064	1131	-1622
-8523	-6135	-408
-4686	-8714	2741
1100	-9923	1921
5626	-8158	-1622
6046	-4028	-5822
3452	5141	-6019
5183	8181	-2213
5183	8181	-2213
5673	7455	3168
1141	5572	8287
-7507	-508	7598
-7330	-7241	3430
1751	-8890	3496
9430	-5538	-1163
8729	2494	-2442
3343	8560	2774
-337	8838	4973
-563	7948	6383
969	6704	7401
5355	5076	6679
5355	5076	6679
10874	-1457	1101
3770	-9167	-2114
-2673	-9028	-2770
-6978	-7702	1658
-9180	-3391	3922
-7425	5271	5071
-3377	9106	1429
1586	9695	-1458
5585	7399	-2836
5298	1741	-7036
19	-2417	-7627
-4319	-5519	-5559
-6346	-7738	-1720
-6346	-7738	-1720
-9045	-5033	838
-8471	4384	3168
-3226	8741	-1163
4163	7441	-4411
8842	3713	608
7834	-841	6416
676	-2483	10255
-1476	-2298	9960
-6654	-2926	7598
-9101	-3274	510
-8812	-5084	280
-8109	-6513	3365
-8109	-6513	3365
-3557	-8372	4349
909	-10283	1265
3504	-8949	-2672
5635	-3370	-5559
7215	1656	-5658
7304	5933	-3197
5824	7542	1888
795	7573	6777
-9256	2753	2315
-9721	-5320	18
-1161	-8843	3890
5118	-6955	-4509
6815	-198	-6216
6815	-198	-6216
6230	7288	805
3838	8832	2938
4954	7184	4808
7608	5520	4185
9538	-764	-2278
3094	-7942	-3984
-1710	-8233	-3295
-5956	-7387	-1491
-9082	-2278	-1327
-6199	6221	-2311
-1338	8276	-3131
3551	7753	-4214
3551	7753	-4214
3992	4823	-6511
201	1069	-7889
-5072	-4646	-5986
-6205	-6347	-3066
-6868	-4330	-3853
-7921	1085	-3689
-667	8155	-5133
7375	2503	-3788
8760	-2102	4907
4734	-8255	4448
1353	-9587	3233
4980	-8185	4119
6857	-6627	3397
6857	-6627	3397
7504	-5995	4218
6463	-4372	6416
4991	-4572	7827
1750	-6861	8451
-3260	-5667	8615
-7535	-881	6318
-9061	-1637	-1819
30	-9318	-1983
-3128	-5194	9205
-4622	332	9173
-2041	1612	9763
6195	1071	7860
6195	1071	7860
10897	-62	-47
8124	243	-5330
4415	-799	-7331
3804	-4054	-7003
3925	-7658	-3328
200	-9261	5826
-4030	-6021	8254
-5432	-865	8779
-4560	1552	8779
-1221	5157	8615
2813	5187	8221
4244	4680	7860
3310	5898	7401
3310	5898	7401
1951	6853	7204
-1981	7414	6515
-7153	4648	6416
-7679	-2406	6810
-2150	-6744	6810
4697	-7050	5104
9485	-2504	4119
9948	1721	2512
9822	2529	871
10356	1142	-1097
7004	-1798	-5658
517	-4243	-6839
517	-4243	-6839
-1417	-7025	-5953
-1934	-7045	-5100
-3726	-5408	-5723
-6506	-568	-5559
278	1825	-8447
5569	2050	-6938
7246	2423	-5691
8412	225	-4411
9555	-2955	1068
8911	-1878	4644
6415	947	7466
3184	4134	9238
3184	4134	9238
-3817	6211	7663
-8783	3443	543
-9914	-1705	313
-8962	-6508	1855
-3337	-8854	3365
1564	-9476	3004
8225	-5836	-2508
7682	669	-5133
6953	5315	-3361
5800	7696	182
-250	9313	3857
-6011	7498	3365
-9728	1020	313
-9728	1020	313
-8724	-5809	444
-875	-9403	2840
3967	-5488	-5888
7665	-1406	-5297
8656	3022	-2869
7722	5449	-2508
6535	6829	-2573
6793	7158	-1589
7689	6879	-342
9112	4825	543
10225	-935	-1327
3858	-7892	-3492
3858	-7892	-3492
-4971	-7381	-2934
-9053	-2893	-1327
-8851	1644	-966
-6159	6486	-2475
1240	7541	-5133
4409	4875	-5888
3820	2123	-7102
-361	-818	-8217
-3946	-3552	-6872
-5659	-6231	-4739
-7752	-4059	-3755
-8644	1308	-2278
-5440	5016	-4706
-5440	5016	-4706
1787	4844	-7299
8733	1861	-3295
9300	-1406	1658
5524	-6132	6679
-374	-8365	6383
-2164	-8382	5629
-894	-6952	7794
-370	-3497	9566
-1171	5544	8779
496	8862	-2639
1324	-3489	-7495
-1926	-3407	-7266
-1926	-3407	-7266
-6495	-6499	-3000
-3914	-8205	-2016
1081	-9074	-3098
6595	-5420	-4509
8863	-76	-4148
6908	4919	-3886
1131	8794	-2278
-4080	8361	740
-7718	222	-4542
-4649	-7891	-3427
-818	-10057	1068
6010	-8906	1002
6942	1931	-5363
6942	1931	-5363
966	8764	-1884
-3604	9287	2676
-4421	7572	4973
-3326	6618	7007
2001	6661	7204
7643	6013	3922
9880	2944	-1228
7414	-2896	-4969
1322	-8196	-3328
-2816	-9568	-1163
-7412	-5647	-900
-6842	-1557	-5166
-6842	-1557	-5166
-4134	4026	-6084
641	8330	-4148
3658	8253	-4181
3090	5875	-5822
845	2416	-7758
-1853	-2425	-7988
-4856	-6672	-3853
-7149	-5870	-2311
-7099	-2458	-4247
-7701	2297	-4411
-4190	7221	-3984
7624	1988	-4509
7512	-4440	5104
7512	-4440	5104
-156	-3521	10223
1619	-5687	7729
2961	-6803	7598
2003	-5596	8385
984	-4540	9238
-318	-1951	10026
-1043	1389	10091
1474	7985	6285
4097	9500	149
4954	5223	-5789
1586	-3260	-7528
-2915	-9233	-1622
-2915	-9233	-1622
2398	-9878	444
4750	-8783	-375
8603	-4805	-2770
8941	235	-3952
5292	7204	-3000
545	9529	-277
-3767	8933	543
-7844	4346	-2016
-5236	-7699	-3427
-1869	-9719	2446
5583	-8087	3332
8306	-3308	-4477
8306	-3308	-4477
3603	6130	-4673
-1318	9747	2676
-4695	6916	6580
-6457	1838	7827
-4445	2712	9173
-3909	4270	8451
-2228	7079	7007
-1818	8469	5629
-1538	9558	2807
-1349	9322	-933
105	6404	-6183
6520	-169	-6642
6520	-169	-6642
7254	-5108	-2573
6832	-7060	-572
3183	-9500	215
-3213	-8710	-2278
-5860	-3324	-5231
-5154	2806	-5723
-1228	6800	-5658
3368	7114	-5330
5263	2944	-6445
225	-651	-7594
-5991	-1881	-5953
-8280	-4154	-2836
-9043	-4906	-375
-9043	-4906	-375
-4834	-3007	-6511
-957	-972	-8217
-1119	3813	-7036
-998	7380	-5461
5885	746	-6872
6999	-6666	1626
2837	-9710	2872
2166	-8953	-2836
5597	-7905	-2344
3564	-8704	-1983
2889	-9167	-2114
2465	-8897	-2048
2465	-8897	-2048
2955	-9327	-670
2252	-9972	1429
-549	-9642	4185
90	-8373	6023
2688	-6934	6876
7326	-6098	4776
9342	-4574	2512
10568	-877	1297
10238	2224	969
9104	5638	838
5690	8536	-14
-4099	6850	-3361
-7434	1765	-4181
-7434	1765	-4181
-8093	-2149	-4148
-7073	-6402	-2081
3834	-8264	-2934
7760	-5608	-2606
9479	-872	-1950
9170	3138	-2836
5782	6543	-3394
-1738	8161	-3098
-7015	5703	-1425
-8877	-741	-3000
-5114	-7571	-2836
-5114	-7571	-2836
3809	-9602	805
8194	-4869	-3919
6797	2812	-5428
1409	8872	-2213
-4071	8809	3627
-2867	3818	8844
4208	1514	8812
11066	-2352	576
1899	-8025	-4280
136	-6070	-6150
-7259	-6135	-408
-8179	-6263	740
-8475	41	-2278
-8475	41	-2278
-5628	3049	-5166
-1928	6142	-5888
3071	7911	-4017
4713	6621	-5067
3422	4328	-6347
194	1300	-7856
-1527	-6406	-5723
-3389	-8199	-3459
-4076	-6377	-4411
-6213	161	-5559
-2840	6536	-5428
7615	3650	-4017
7615	3650	-4017
9201	-2001	2544
4113	-9090	4841
965	-9626	3168
1967	-8823	4776
4311	-7533	5826
4831	-6755	6318
3923	-6319	6908
1611	-4467	9074
1117	2040	10026
1995	8135	6154
2638	8730	-3427
2815	1996	-7627
-2269	-2249	-6938
-2269	-2249	-6938
-9889	-2811	-1097
-5072	-7973	-1917
-42	-9101	-2606
5653	-7525	-2508
8469	-4206	-3459
5355	4626	-5002
1047	9164	-1163
-1410	9549	4119
-6794	6314	3660
-7224	-4628	-3427
-3404	-9633	1133
3397	-8665	3233
3397	-8665	3233
7591	-4571	-4313
7440	1977	-5034
4239	8207	-2770
317	9480	-769
-1440	10062	1265
-399	10237	2249
2017	9965	2118
8492	6659	149
7047	-1713	-5264
-1202	-6515	-5461
-3317	-7750	-3984
-7575	-4351	-3066
-7575	-4351	-3066
-6488	392	-5527
-3928	3250	-6478
-1458	5906	-6150
775	6875	-5723
1506	5396	-6642
132	3425	-7233
-1613	417	-7889
-2455	-3104	-7430
-3410	-5154	-6413
-3420	-4384	-6281
-5729	-1339	-5723
-5766	2537	-5723
1140	2783	-8513
1140	2783	-8513
8362	-956	-2278
7671	1043	6580
4817	5170	7466
-3440	7372	6351
-8249	4525	2577
-8668	-4102	-2213
-4800	-9037	280
-870	-9539	3627
4596	-7871	4448
9274	-5129	-47
5521	5059	-4509
3342	9216	-539
3342	9216	-539
1647	9421	3529
-2665	7673	6088
-7920	3755	5957
-7806	-5438	3365
-2689	-9615	1954
5502	-8625	1593
8892	-4910	-539
9833	3942	510
7949	6309	-47
6767	7637	-769
7148	6654	-1819
8166	5066	-2475
9586	1008	-1950
9586	1008	-1950
8548	-4515	-1786
1532	-8443	-4116
-8053	-4906	-2114
-9962	-79	2676
-6288	7050	477
-1861	7629	-4608
3038	5084	-6872
5672	1220	-6281
4511	-2246	-6839
-4376	-3226	-6019
-8179	-3029	-4017
-6409	-3086	-4870
-6409	-3086	-4870
-2589	-2948	-7331
-1948	1121	-7266
-2697	4938	-6511
6	4419	-7430
5464	1234	-7364
8556	-1900	-3295
8973	-3838	1068
8124	-5562	2971
7283	-6496	4119
4089	-8033	5793
-1410	-4245	10452
-7625	-1266	-4148
-7625	-1266	-4148
-546	-7812	-5067
-5057	-9450	707
-5664	-8105	4251
3700	-5750	6613
10815	-3270	-1031
6910	3755	-4477
4310	8399	-1031
1696	9895	2380
-6738	6013	444
-8680	-1505	-2803
-6205	-8430	-14
2026	-9258	2446
5363	-6571	-4509
5363	-6571	-4509
8669	1936	-3394
8623	5881	-342
4885	8851	313
1988	9114	3562
2814	7185	6580
8662	-1897	5498
4479	-9140	-867
-2313	-8690	-3131
-8180	-5507	247
-9240	1302	904
-6002	5274	-3459
-505	7027	-5789
-505	7027	-5789
4563	6883	-5363
6404	5010	-5002
3281	698	-7299
-1185	-2486	-7266
-2351	-6784	-5461
-2029	-8087	-3623
-2090	-7261	-4477
-5872	700	-5461
-4549	6164	-4903
1603	6354	-6741
8312	3824	-3098
9248	-2189	2708
7071	-6651	4054
7071	-6651	4054
3227	-8725	5760
-1731	-7855	6908
-970	-7046	7040
-7873	-4199	3857
-7494	-2441	-3492
-5900	-1452	-5625
-6324	689	-5986
-8320	2711	-3066
-10333	-2999	805
-5898	-8063	2708
-1962	-9834	2446
4048	-9034	444
4048	-9034	444
7614	-6594	-2081
8940	771	-4017
6863	6006	-1622
3231	9357	2380
-4049	8869	2872
-9087	-1608	-2245
-6017	-8646	608
3212	-9209	2938
6467	-5050	-5166
6509	2298	-6150
5474	7218	-2377
3083	9294	-473
1295	9957	1724
1295	9957	1724
-329	9316	3988
-378	8179	6416
2873	2980	9107
9123	-2746	5301
2964	-7791	-4116
-6227	-5034	-4444
-7566	-6522	2938
-7681	-4771	5727
-9086	-164	2282
-5192	4235	-5330
1648	4648	-7495
6137	6575	-3656
6137	6575	-3656
7874	4871	-2606
6626	1539	-5723
2341	-1419	-7627
-258	-5657	-6577
-4345	-7574	-3000
-8087	-4064	-2245
-8027	2371	-2803
-778	4482	-8053
6294	5095	-4608
9076	3983	2380
9147	3060	4054
6386	3119	6712
-473	2022	10944
-473	2022	10944
-8148	-428	-2738
-5180	-7006	-3328
-4920	-8238	-1753
-6834	-7293	1068
-6329	-7422	3922
2071	-9895	1429
3295	-7910	-4313
3386	-3792	-7299
5815	-17	-6708
8099	3624	-3459
5570	8184	-309
1470	9299	-244
1470	9299	-244
-5020	8022	-703
-9050	2318	-1753
-8509	-5354	-1523
2210	-9663	-211
5994	-4634	-5461
8295	3535	-2245
2468	9076	83
-222	9899	2577
2948	9406	-605
4633	5999	-5428
3131	1494	-7758
4989	-1066	-7266
4343	-7432	-3492
4343	-7432	-3492
-1154	-8170	-3886
-4049	-5431	-5034
-4630	-215	-6970
-1367	3922	-7331
5054	4525	-6117
7304	2044	-5461
5576	-1700	-6413
1023	-5010	-6806
-4034	-6429	-5034
-4266	-5717	-5789
-3509	-3436	-6839
-5341	1151	-5920
-5341	1151	-5920
-4517	5324	-4673
2524	5190	-7266
7270	1549	-5297
9564	-2037	-834
7377	-5000	4087
4630	-8851	3529
-2317	-8907	-2508
-2649	-7193	-4838
-1427	-8256	-4313
-350	-7506	-5100
-210	-6113	-6347
-2342	-6483	-5723
-2342	-6483	-5723
-2549	-7042	-4969
-2001	-8432	-3591
-1412	-9198	-1786
-470	-10098	2676
1901	-8387	5399
3713	-6432	7040
6999	-4998	5891
9721	-1978	3594
10039	3303	1133
8211	6540	-14
3684	8869	1133
-3031	8838	1462
-6984	5446	-900
-6984	5446	-900
-8663	-3308	-2738
-6495	-7072	-1097
-2401	-9283	1330
3660	-9201	1560
8946	-4887	-1228
8904	417	-2639
7695	4944	-2770
4559	8602	-539
9	9850	2118
-7943	5023	4283
-9247	-2244	3726
-5356	-8430	1724
-5356	-8430	1724
2473	-7803	5760
9562	-3979	3365
8208	6055	608
3043	9480	1002
-591	9749	2741
-1743	8914	4907
612	7118	7040
7150	625	6777
8527	-6032	2512
-748	-8018	-3984
-8081	-4387	-2934
-4449	-7104	6154
-3234	-6728	7532
-3234	-6728	7532
-4990	1204	8680
-7323	5668	444
-2073	7162	-4903
5671	6446	-4313
8406	2868	-2902
8577	-502	-4313
2661	-3392	-6577
-3950	-5371	-5789
-7441	-3661	-3098
-6464	7	-5592
-1602	3883	-7364
6375	2500	-5691
6375	2500	-5691
8226	-2327	5169
3403	-9559	4480
-282	-8295	6088
821	-4619	9173
2786	-3427	9238
3236	153	9730
3653	7678	6318
1897	7670	-4509
-668	4849	-7069
1773	4772	-7069
-2330	-843	-7594
-7375	-6235	-3197
-6907	-6145	-867
-6907	-6145	-867
-2448	-8754	-2541
2596	-7500	-4870
9707	-962	-2573
8831	4163	-1655
5311	8033	-1950
-562	9570	-145
-8314	5219	969
-8706	-3347	-2770
-5449	-8682	740
-1347	-7681	6088
7180	-6467	3693
10141	540	-2311
10141	540	-2311
9225	3391	-1819
8021	5321	-3066
6617	5882	-3755
6103	6614	-3623
5622	8119	-1523
7757	6495	1396
9989	3661	-1753
-314	-2738	-6511
-9205	5002	-145
-9909	489	4087
-6277	-1489	8352
-3033	-797	10124
-4181	-1740	9173
-4181	-1740	9173
-5093	477	8779
-7113	-1905	6908
-8035	-4813	3857
-8030	-5585	1921
-9505	-2489	1297
-6970	-5455	-2639
-7273	-3194	-4542
-7290	-1122	-4608
-7569	1075	-4148
-8027	4068	-2475
-7671	6345	1593
-6374	6279	5530
-6374	6279	5530
-3586	4919	8287
-4425	3356	8779
-7119	2737	6810
-8570	2279	5169
-9663	335	4087
-8874	-1880	2807
-8953	-4382	772
-6444	-6776	-1622
-2372	-9463	-1589
1158	-9904	1002
2697	-8918	3955
3269	-7882	5662
2851	-8782	4907
2851	-8782	4907
-1481	-9718	4251
-7460	-5578	2216
-8082	-820	-3066
-2713	6657	-5166
1106	9807	-1589
7073	7242	477
9268	1551	-3459
2083	-2411	-7331
-4448	-8209	-2180
-6960	-7314	3594
-8306	-3270	-1031
-6361	1046	-5461
-6361	1046	-5461
-3527	6670	-4575
4334	9304	-1753
8696	4725	-539
8566	-1077	4415
4684	-5731	7466
-1445	-9447	4349
-7760	-4131	-1786
-7409	-536	-4148
-5913	658	-5658
-5002	1914	-6117
-7169	-330	-5231
-6684	-5259	-4181
-2953	-9011	-2016
-2953	-9011	-2016
252	-9869	2610
2655	-6895	6908
1535	-2414	9927
-68	-681	10190
-3051	1540	9993
-6347	4776	5268
-5507	6983	-834
-531	8179	-4017
1425	9392	-1261
-653	8955	-1917
-3517	7199	-3197
-7063	392	-5527
-7063	392	-5527
-7721	-4897	-3427
-4395	-8405	-2377
1440	-8956	-3000
5180	-6271	-4838
5357	1361	-6839
3412	6038	-5395
1933	8705	-2803
441	9788	1035
1765	8532	5005
10476	525	2249
5569	-5386	-4706
-4137	-6575	-4673
-4137	-6575	-4673
-6608	-7959	444
-6520	-6170	4973
-8075	2450	2512
-3664	6425	-5231
4341	7370	-4181
4841	8371	1166
2272	5949	7958
6462	-889	7729
5446	-8876	641
-1867	-9647	-1261
-4623	-8695	3627
-7919	-124	5826
-6868	6385	-80
-6868	6385	-80
-2539	9188	-1786
2977	9465	313
6192	7868	1002
7270	6313	3594
781	6035	8418
-6196	6106	2938
-3904	-2220	-7397
1690	-8930	-1786
-5032	-8399	3135
-8632	-2486	-309
-7962	3411	-2672
-3374	9139	-539
-3374	9139	-539
4425	8859	2446
5184	6567	6416
3996	2788	9107
-1858	-1092	10682
-8056	-1770	838
148	-9664	1462
-3708	-7334	7893
-8310	1074	2774
-3624	1733	-7397
1673	-1090	-8381
-2129	6514	-4673
-3676	9456	1626
234	7378	6646
234	7378	6646
5306	3800	8024
4160	-968	9369
-2966	-1365	10485
-8049	-2167	3726
-5064	-7763	-2836
577	-9398	3069
-1987	-3799	9763
-282	-612	9829
6040	5	8254
10703	1064	2315
8369	4920	-2114
4936	8704	608
4936	8704	608
7705	5804	3168
8380	-98	5268
5275	-3295	8287
-503	-6245	8516
-1289	-9727	2085
-1232	-9006	-1786
-6080	-3956	-4280
-9032	3259	4349
2912	4803	8254
2670	7438	5891
1550	9396	2413
811	9753	-539
-52	9101	-2245
-52	9101	-2245
-953	5989	-5888
-2010	3201	-6970
-7330	3117	-3788
-10349	1040	2971
-5245	-3854	7302
-1311	-8479	6449
-2647	-9344	3791
-3455	-9218	805
-3253	-8220	-2672
-1087	-5317	-6839
2039	-2540	-7955
2929	1730	-7495
2929	1730	-7495
1563	6806	-5363
2648	8991	-2016
8343	4967	1757
7972	1806	6383
4677	-589	9140
384	-1205	10780
-6387	-1717	8451
-7523	-6132	1462
-5564	-7374	4349
-7845	-3374	6416
-7552	2791	5793
-5148	7653	3430
318	10105	-244
318	10105	-244
4434	8747	-933
7162	6653	1593
6659	4447	6023
-127	2242	10485
-7745	922	6318
-8216	-4403	-1950
-5007	-8223	-1097
-6153	-7648	-1130
-7514	-3444	-3722
-9180	681	-2869
-9123	3353	1691
-7728	2289	7401
-7728	2289	7401
3941	-715	8615
9986	-2756	-2114
8267	793	-4739
8528	2812	-3689
8749	4271	1527
4059	5563	7893
74	3876	9698
-659	319	10321
-978	-4620	9107
-2533	-7545	7007
8257	-5311	3890
8874	-4138	-2081
7195	-4645	-4181
7195	-4645	-4181
8729	-1790	-3558
8607	-1337	-3919
6808	-2104	-5625
5956	-2230	-6117
5377	-2850	-6380
2260	-5422	-6347
-4208	-5560	-5658
-9999	1023	477
-8276	4785	3955
-5294	7293	4513
-4318	8326	904
-628	4220	-7758
-628	4220	-7758
3316	-1839	-7528
4017	-5146	-6019
2134	-7276	-5133
1788	-7496	-4673
526	-5278	-6806
-1994	-1410	-7200
-3209	2277	-7102
-2658	3417	-7594
2800	1835	-7988
9067	-84	-2770
9749	-1806	-802
8990	-4001	-1097
8990	-4001	-1097
6258	-7292	-2377
142	-8207	-3853
-3550	-6234	-4870
-4387	-1432	-6478
-1297	1564	-8086
6748	459	-5953
9514	2762	2708
6031	7842	3299
-1565	7332	-4148
-1088	-1354	-8152
171	-8018	-3984
-307	-8712	6351
-1616	-4860	8680
-1616	-4860	8680
3592	-3788	8549
10949	-2257	1396
8095	1216	-4706
3702	4090	-6675
4963	-677	-7036
5420	-5125	-5067
2902	-6698	-5034
-1470	-7492	-4509
1603	-7994	-4608
5829	-6397	-3558
7590	-3722	-4116
5513	1403	-6675
5513	1403	-6675
-1418	8502	-3328
-4320	9269	1855
-7004	6774	1855
-7681	177	-4805
-2500	-7453	-4477
2379	-9408	871
6152	-7702	-1819
6640	-3825	-5330
7880	-408	-5297
7201	2791	-4673
4825	6090	-4772
890	9030	-1983
1834	9824	2676
1834	9824	2676
7701	4032	4612
3382	-7740	-3558
-5613	-8187	-1195
-8204	-5685	4349
-9096	1721	2512
-3488	5370	-6084
5907	6934	-3066
9363	4841	-473
9336	-444	-3459
4198	-4642	-5789
-133	-8601	-4313
-6312	-7243	-1917
-6312	-7243	-1917
-6934	-1536	-4214
-2206	3650	-7495
3821	5872	-5953
8395	4671	-1228
9272	2198	3266
7655	127	6810
5328	-3805	7794
2351	-5241	8812
-4194	-5518	8418
-5618	-3104	8221
-6728	-4579	-2934
-2633	-2451	-7430
-964	-426	-7856
-964	-426	-7856
6436	955	-6084
9613	2859	149
8697	6107	-539
3446	8734	-1523
-4685	7943	-802
-6530	6791	-834
-6584	235	-5691
985	-5811	-6577
4278	-8444	2807
-3303	-5615	9238
-6059	-1343	8024
-8419	1509	1593
-8419	1509	1593
-8129	703	-3591
-8865	2503	-2048
-10242	416	805
-9750	-2430	477
-8578	-5660	1987
-6359	-6853	3594
-5490	-8181	2577
-821	-9960	1954
1451	-9747	2938
3336	-8587	5038
4231	-5962	7433
3950	-2821	8877
3950	-2821	8877
4663	-1556	8812
6034	-1772	7696
6889	-3706	7040
6946	-5788	4907
5905	-8386	247
3835	-8044	-3427
2083	-5839	-6117
58	-2686	-7627
-3751	1169	-6839
-2781	4590	-6642
1863	1942	-8349
5871	-2309	-6216
6164	-6373	-769
6164	-6373	-769
5429	-3609	7958
7102	371	7433
9205	2415	4382
8731	5679	2708
5327	8471	510
505	7329	-4280
-4481	2960	-5691
-8846	-869	-3558
-7904	-5518	-277
-3633	-9367	1002
4483	-8279	3332
9810	-4179	3004
9810	-4179	3004
10395	697	-375
6534	7237	-1491
1000	9222	-244
-7174	6117	-80
-8024	-1290	-3492
-5041	-8718	-900
1641	-9255	2577
8198	-2424	-4444
7808	4228	-3886
3279	8882	-1753
-1162	9827	1068
-4504	8511	4054
2107	6140	7958
2107	6140	7958
11133	-689	1133
2209	-7320	-5395
-3924	-6201	-5133
-8790	-4341	2610
-9111	535	2708
-5422	3968	-5264
3352	5119	-7003
7525	4112	-3952
9327	2332	-2836
5187	-3388	-6380
973	-6108	-6117
-1295	-8095	-3984
-1295	-8095	-3984
-2250	-7077	-4838
-3875	1625	-7069
-55	5964	-7003
5478	4567	-5920
8851	-187	-2245
8729	-5430	215
2781	-9878	444
-753	-8813	-3459
-802	-4624	-6708
4990	-2403	-6970
3769	-226	-7495
476	-543	-7922
-443	-4284	-6970
-443	-4284	-6970
-1823	-5795	-5855
-862	-8509	-3591
1286	-9600	2610
449	-5344	9337
-599	-2337	9927
1269	-1570	9894
4233	-1054	8910
8399	730	6318
10206	2980	2151
9097	4700	-1655
9172	2610	-703
6735	-674	7007
6735	-674	7007
-5255	-2586	9074
-7187	-6111	4185
-8507	-3791	-277
-8319	4194	-244
-1704	9973	2479
6723	6640	4513
2040	9012	4119
-1874	8928	3824
-6224	6939	2413
-10599	28	608
-9509	-3147	2807
-9149	-1547	5727
-6591	4215	5957
-6591	4215	5957
-4135	7860	4119
-3167	8720	-375
-4867	6991	-2213
-7396	2881	-4050
-7964	-113	-4116
-7934	-2866	-3623
-4798	-3759	-5822
300	-5238	-6708
3271	-4282	-6872
2728	-844	-7659
1121	2183	-7856
3437	2657	-7266
3437	2657	-7266
7139	762	-6150
9061	-1329	-3558
8529	-3961	-2770
4646	-6716	-4116
1342	-7201	-5231
3018	-7316	-3492
3177	-6295	8024
-6952	-1335	6613
-10033	179	2216
-6063	-2812	7565
1171	-9600	2610
-1516	-8901	-2213
-1516	-8901	-2213
-6188	-3653	-4477
-3042	1768	-7528
3018	3768	-7364
5844	5846	-3656
4929	8355	444
-3606	8884	1822
-7686	3041	-3788
-7473	-6655	-3098
-637	-9056	2938
2272	-7079	-4903
3141	2688	-7594
6307	5528	-4148
3805	8225	-1950
3805	8225	-1950
798	9863	969
-585	9704	4185
3863	8363	4283
9296	4837	1068
7989	-4537	-2770
4456	-6498	-4673
-2628	-8015	-3853
-7011	-5183	-2508
-7409	-1606	-3919
-3697	972	-7069
541	2634	-8316
4794	4025	-6150
4794	4025	-6150
4732	3561	-6281
1902	2881	-7528
-839	2147	-7758
-1591	-2729	-7824
-301	-7917	-4608
-793	-7612	-4706
-3787	-3956	-6019
-4686	2260	-6117
-183	5043	-7003
7786	3182	-4345
9194	-544	-2770
8065	-5016	-145
7002	-7333	2708
7002	-7333	2708
3546	-9240	3266
1200	-10352	1593
3339	-8822	3102
-756	-2194	11207
-7083	3821	-1491
1600	3188	-7561
3792	5056	-6413
5054	6719	-4116
4564	8595	-834
205	9622	2216
-7916	4210	-1228
-4170	-1377	-7430
-4170	-1377	-7430
533	-7287	-5658
3564	-8823	1297
2800	-7243	6777
892	-3762	9730
2787	-2313	9271
5034	-1408	8549
7064	-1905	6908
7927	-1573	6285
5734	-796	8451
3627	-613	9763
-1760	710	10616
-4510	337	9402
-185	-3580	9271
-185	-3580	9271
3328	-6116	7401
3331	-7327	6482
1837	-7190	7466
646	-6200	8844
-1394	-5430	8943
-2730	-4902	8516
-985	-6803	7598
735	-7784	6646
1950	-8357	5005
4649	-8749	1166
6408	-6357	-3492
4637	-2216	-7200
4637	-2216	-7200
1468	3388	-7200
931	5130	-6544
716	1496	-7659
3563	-3551	-6806
4530	-7647	-2803
3001	-8453	-2803
-3958	-5359	-5264
-6233	-1598	-5297
-6205	462	-5822
-5013	945	-6577
-5874	925	-5723
-4059	-1103	-7233
-3436	1203	-7036
-3436	1203	-7036
-3817	2942	-6511
-4938	3804	-5723
-6029	3830	-4542
-7677	1738	-3689
-7811	-1541	-4444
-4726	-6693	-4805
1156	-9552	-408
-979	-3678	10059
-6176	2714	7499
-6495	4869	-2672
1708	2747	-8414
8139	1079	-3984
8139	1079	-3984
9363	1975	-3361
6169	2649	-5888
-148	1970	-7069
-5624	-615	-5953
-7340	-4184	-4181
-1835	-8090	-3755
2998	-7297	-4345
6607	-4763	-4345
7365	279	-5428
-369	7458	-3656
-3228	9149	-80
-5182	7517	4251
-5182	7517	4251
-1222	3508	8713
8059	-7679	969
-7728	-6970	51
-629	-9380	2151
-936	-7435	8516
-7290	2063	641
1818	-636	-8677
4312	6913	6416
2669	9385	1888
-2702	9570	1593
-3913	6055	7565
5128	-9532	477
-5671	-8296	-933
-5671	-8296	-933
-7913	-5893	3627
-8521	-1034	4612
-7454	3803	-2311
1284	4805	-7331
2849	6380	-5559
4010	7129	-4673
4771	5929	-5100
7314	5697	-3459
9037	4067	969
9756	1408	2249
9790	-3090	1888
6809	-7433	-80
6809	-7433	-80
157	-9685	-1228
-5269	-6278	-3394
-6721	-405	-5133
-4272	5349	-5297
1864	6364	-6281
7082	6740	346
1901	8953	4940
-5297	7380	3233
-8859	-2988	-2180
-5031	-8631	1297
-8107	-1613	2741
-957	-2354	-8217
8901	-1652	2708
8901	-1652	2708
6310	5569	6416
6318	8350	1954
-749	7499	-3558
-8305	4662	-1622
-10029	-1577	-834
-6306	-8174	1133
4702	-7369	4546
9206	-5270	510
9920	-449	-1950
9289	3630	-1425
6900	7399	641
813	9151	5202
813	9151	5202
-1968	6557	7696
-3496	1611	9698
-2633	-3853	9074
-482	-9095	4644
-1724	-9975	3037
-816	-8926	5333
-682	-7286	8319
-5608	-4767	7663
-5497	-3617	-6347
3801	-3876	-7627
9115	-1213	-3492
9502	3156	-2016
9502	3156	-2016
7378	6792	-769
2277	9398	2479
1776	7456	6712
7742	-376	6580
7744	-6607	-933
-719	-8318	-3656
-6912	-7382	477
-7000	-3329	-3689
-978	-323	-8414
3362	2654	-7397
5210	6668	-4673
8373	4693	-1950
9904	-288	149
9904	-288	149
8266	-5103	2872
4516	-8944	2774
-1361	-9917	412
678	-9847	-1622
3311	-4976	8648
-4354	6424	5169
-394	7927	-5034
6983	5594	-2902
8614	3472	-3394
9162	-2157	-2770
8792	-4654	608
8792	-4654	608
4355	-1194	9534
-7002	1887	6580
-5826	-4479	-5363
-2345	-9363	-2311
-2311	-8565	6023
2354	-5604	8024
7719	-3651	6055
11178	-80	-867
5087	6191	-3656
1379	9421	3529
376	6150	8385
-4879	2859	8877
-9004	-1508	2282
-9004	-1508	2282
-4717	-8291	-703
752	-5790	8287
9105	-2637	5038
10216	-259	-2016
6268	5889	-3459
4802	8455	-244
1573	9243	4152
1221	4987	7860
7331	-5791	4743
-4456	-8290	-2377
-1661	-4989	8057
5277	-1510	9140
5277	-1510	9140
910	6374	8123
1194	9209	-2573
8318	4358	-1491
5666	-1877	8155
5297	-6274	5465
1606	-10293	805
-4439	-7909	-2508
-8887	-2063	-2016
-1457	4651	-7331
5740	5250	-4575
8527	4213	641
7935	643	5858
3509	-2617	9402
3509	-2617	9402
2235	-3765	9566
-1229	-3521	10223
-7900	-2152	6154
-8521	-3245	-1655
-6167	-4928	-4838
-6755	-5396	-3459
-8568	-4836	-670
-7559	-6394	3529
-3346	-8528	4218
7815	-6157	-1392
10312	-1614	-802
10312	-1614	-802
9502	3700	18
6133	7797	-473
-3064	8868	-670
-7934	3694	-2016
-8698	-4602	-2245
-2352	-8718	838
4634	-5372	-5855
7287	1662	-5363
6143	6438	-2934
2872	8962	149
1070	9516	4382
5051	3873	7860
5051	3873	7860
9253	-2989	4743
5118	-7398	-3689
-6360	-7414	-2672
-8691	-6152	2315
-7775	-1623	7499
-6611	6005	1822
-538	7288	-6150
7275	4804	-3919
9760	-173	-1589
6927	-4110	-4313
837	-7460	-4772
-2986	-8089	-3689
-5058	-4436	-5166
-5058	-4436	-5166
-370	4456	-7495
6289	4209	-4772
9314	-1427	707
5842	-7761	4185
362	-9051	4907
1166	-7658	7105
3666	-6151	7565
7029	-6958	4054
7494	-6928	1921
7798	-5000	4087
5851	2011	8680
6012	7998	3397
6012	7998	3397
2424	6652	-5395
2425	6338	-5723
-231	2781	-6839
-6591	-4969	-4969
-4906	-8609	-1163
624	-9770	1888
5599	-7346	3857
11083	-625	2282
8760	5720	-670
709	9790	1101
-4833	7696	5366
-9417	1474	3496
-4101	-8996	2151
-4101	-8996	2151
1279	-6228	7565
10865	-1841	2840
8213	4879	-2245
3561	9277	477
-1569	9069	4973
-1881	6366	7762
-299	3910	9501
3046	1265	9698
9866	-3486	3102
3173	-8959	-1392
-86	-8034	-4673
-6415	-7648	608
-6415	-7648	608
-8849	-5039	543
-6671	2258	-4444
-106	5577	-7134
5011	6587	-4870
7527	5676	-2672
8023	1210	-5002
-372	-5077	-6380
-3758	-7325	-3886
-4015	-7248	-3886
-1570	-5202	-6806
-90	3776	-7003
3181	6527	-5822
7922	2267	-4050
7922	2267	-4050
7947	-3482	3266
3961	-8060	6285
-634	-8772	-3361
-377	-9687	-1327
1358	-9916	477
3901	-9043	51
4308	-9031	-1163
2112	-9816	-211
-653	-9889	1724
-2118	-9333	4283
-1930	-8250	6416
-1747	-7298	7794
-1747	-7298	7794
-864	-6138	8155
-1156	-6288	8319
-732	-6292	8155
1354	-5599	8254
7171	-2787	6941
9223	-633	5399
9261	3909	4251
6164	7908	2840
128	9531	1560
-8355	3923	-309
-9834	-2964	-1064
-7077	-7503	215
-1468	-9745	1265
-1468	-9745	1265
4284	-8903	1133
9447	-3544	444
10536	1647	-834
7779	5920	-2048
2519	8652	-1753
-2012	9570	1593
-8140	4940	3988
-9516	-1229	1002
-5293	-8290	-637
-213	-8874	4218
7935	-5786	3233
10480	-1496	-670
10480	-1496	-670
9036	3166	-1589
7340	6747	-1097
4093	8427	-1491
-714	9981	2840
-93	5271	8549
6850	-3439	6974
1742	-9438	-2213
-7426	-7719	904
-1150	-6878	7663
-1098	-1756	10190
-5106	6984	4415
1067	8904	-4214
6704	6963	1757
6704	6963	1757
8321	2778	5202
8661	-3461	4218
4925	-9295	805
-2854	-9523	-834
-6712	-1662	-4706
702	2981	-8217
6427	6553	-2934
8262	1102	4054
-274	-7984	7991
-2198	862	10551
-3071	5255	7860
-275	7837	6580
-275	7837	6580
7630	6383	3299
9292	5100	-900
8866	4656	-1917
8934	4446	-966
9803	2860	215
10380	1917	-769
5774	-1931	-6445
123	-1914	-7430
-5294	337	-6281
-6917	448	-4739
-6944	-56	-5002
-5419	-1924	-6150
-3149	-4481	-7200
-3149	-4481	-7200
2875	-6668	-5428
8241	-5398	-47
9693	-2711	1691
9035	1730	-4050
-959	4882	-5592
-7693	6183	-539
-9335	2213	444
-6540	-3735	-4706
3394	-8901	-473
7076	-6796	2708
10103	-3993	969
10021	-346	-2475
10021	-346	-2475
6365	3224	-5920
2589	4985	-6117
-1443	4953	-5855
-4961	5172	-4608
-9037	3866	-1163
-3896	-1138	8615
3108	-10036	280
-5485	-8731	247
-7043	-6502	3824
-7292	-4456	-2573
5982	-6746	-2016
9007	-3556	3397
9007	-3556	3397
11021	-867	1724
9694	1194	-2245
4720	4068	-5953
3655	4590	-6642
4666	3592	-6642
7110	2047	-5330
8433	1051	-3492
10010	1862	215
9044	4241	1921
5685	8139	-637
1496	9262	-1950
3243	9773	-1392
4971	6543	-5133
4971	6543	-5133
6395	4038	-5559
5708	1177	-6478
1576	-38	-7659
-6706	-1136	-5231
-8489	-3817	-1458
-8304	-4037	-2738
-8399	-5347	-1228
-7413	-7111	608
-3822	-9241	-244
-1661	-9752	-802
1136	-9532	-1261
3464	-8984	-769
3464	-8984	-769
5126	-8902	1199
5173	-8546	3397
3781	-9201	3299
1984	-9742	3135
439	-9862	2938
-1170	-9908	2577
-2507	-9785	1199
-3401	-9195	83
-3264	-8959	-1392
-2890	-8153	-3131
959	-7470	-5231
4765	-5257	-5855
6663	-1849	-6216
6663	-1849	-6216
7625	2428	-5461
7369	5543	-3459
8574	2255	4119
7924	-1036	6285
7395	-7431	3496
-1549	-8733	-3328
-8597	-3864	-112
2032	-4448	-7430
8443	-3063	-3853
9463	80	-2245
10022	1753	-1261
10135	1635	2085
10135	1635	2085
10228	-397	444
8151	-4992	-2508
3391	-6731	-4772
-3091	-6011	-5231
-5338	-1618	-6183
1194	-400	-8414
6280	601	-6511
9150	-1025	-1917
8228	-5509	1855
2617	-5238	8943
2093	-612	9829
2038	2352	10223
2038	2352	10223
-1336	7912	6482
-903	-100	-8742
6463	-2104	-5625
6475	-5365	-3788
4617	-5441	-5461
-3841	-1667	-6675
-8421	-4919	-966
-6265	-5965	-3131
-1517	-8061	-4181
2137	-8432	-3591
4046	-8063	-2508
3616	-7922	-3098
5282	-7671	-2180
5282	-7671	-2180
7372	-6523	1166
9591	-3928	2183
10509	-507	-1064
4152	4684	-5855
-712	3696	-7134
-536	-925	-7824
-482	-6108	-6117
-483	-8281	-3689
4585	-7753	-2377
8271	-5257	-637
10028	-1600	-1884
7681	2099	-4706
7681	2099	-4706
-1984	7779	-3033
-7193	6762	-408
-8934	2142	-1031
-6098	-4695	-4739
-851	-9316	-1917
6697	-7474	1560
9685	-4497	-966
8854	-63	-3558
7479	3451	-4345
5344	6023	-4313
-843	8952	-2048
-3604	9195	1987
-1157	7617	7007
-1157	7617	7007
7524	1661	6744
3872	-6309	-4805
-4516	-6757	-4214
-5798	-8234	149
-4857	-8238	5202
-6354	-3185	8057
-1703	4223	-7594
6489	2141	-6281
7131	6558	2544
4760	8164	3988
34	7389	7138
8183	-5131	5071
8183	-5131	5071
2650	-9200	-1884
-5084	-8269	-1425
-7111	-4800	-2541
-2033	682	-8053
1821	4002	-7200
4728	6829	-4313
7111	5308	-3656
8883	751	-3164
8481	-5496	707
4915	-7751	4644
6211	-4167	7040
7754	-3065	6515
8942	-1600	5071
8942	-1600	5071
7191	2095	7302
5618	4595	7499
3174	7301	6646
-167	8731	5333
-4042	8379	5038
-5224	3882	8254
-5972	3146	7958
-8261	1298	5957
-8569	1033	6121
-9557	164	3299
-9396	-2084	510
-9627	-480	149
-9627	-480	149
-9324	2197	-244
-9524	2881	1166
-8738	4162	3529
-9609	2590	3627
-9529	1423	2938
-9437	1097	3824
-8831	933	5071
-8609	2547	5169
-8721	1962	4743
-8788	2888	4973
-8217	3382	4710
-8324	4440	3955
-8545	3939	3857
-8545	3939	3857
-8738	4162	3529
-9039	3886	3233
-8976	3500	3135
-9280	2916	2741
-9323	2205	1822
-9866	1496	1002
-9973	996	969
-9858	636	313
-9762	746	83
-9943	511	-145
-9796	473	-112
-9796	473	-112
-9672	506	-375
-9199	487	-1195
-9025	595	-1523
-9263	248	-1622
-9184	466	-2180
-8746	267	-2475
-8468	925	-2245
-8960	650	-2541
-8709	1071	-2606
-8452	681	-2869
-8203	792	-3066
-8062	939	-3328
-8062	939	-3328
-8120	782	-3492
-8110	1441	-3197
-7454	541	-3984
-7748	1508	-3656
-8037	1308	-4017
-7471	1809	-3919
-7232	1842	-4181
-6781	1670	-5002
-6209	1628	-5166
-6035	1203	-5297
-5767	1425	-5691
-6249	1539	-5723
-5351	1386	-5723
-5351	1386	-5723
-5470	1613	-5855
-5787	1536	-5888
-5401	1486	-6380
-5771	1651	-5888
-5455	1462	-5723
-5082	1965	-5559
-5887	1652	-5822
-5640	1767	-5855
-5563	1812	-5527
-5649	1687	-5986
-5480	2384	-5723
-5450	2303	-5920
-5450	2303	-5920
-5808	1695	-5625
-5446	2077	-5723
-5839	1998	-5822
-5760	2040	-5625
-6245	1893	-5330
-5959	1960	-5789
-5752	1808	-5723
-5985	2079	-5592
-6221	2042	-5559
-6168	1892	-5395
-5917	2313	-5461
-6196	2237	-5395
-6196	2237	-5395
-6185	1778	-5330
-5942	2166	-5166
-6031	2045	-5395
-6464	2236	-5461
-6190	2006	-5428
-5959	1738	-5428
-6213	2390	-5428
-5697	1969	-5395
-6339	2047	-5330
-6042	1969	-5395
